0.000000000000000000e+00
6.728215684824545573e-02
4.126030037874245382e-01
7.679483644966806910e-01
1.538991436473323704e+00
2.097701907021744194e+00
2.491859060857723129e+00
3.189402021773265705e+00
4.128831673979988182e+00
5.155736670192883508e+00
5.414779717946561988e+00
2.963034444111865895e+00
1.148772389348665213e+00
1.244822418481753790e+00
1.068275487905631760e+00
1.500808685477598381e+00
2.570069270999061128e+00
4.373489750195682646e+00
4.429355724860458032e+00
3.491063015038491812e+00
2.549044143578050203e+00
1.523203878009831147e+00
1.789636993939679011e+00
6.102640941930861374e+00
7.876444566581706219e+00
9.116388453003036574e+00
9.465017197015464845e+00
8.808630402406533833e+00
7.989075884342891953e+00
7.445487999077538888e+00
7.339825606775020717e+00
7.110833856646091355e+00
7.186624653634197557e+00
6.883261856533146705e+00
7.342277959062801784e+00
7.872795591578101160e+00
8.360009214474604988e+00
8.845543980267853712e+00
9.096450077995989147e+00
9.452838783536741118e+00
3.591494436232622434e+01
