0.000000000000000000e+00
1.202072715326406582e+00
2.668864015780149312e+00
3.876350410503845989e+00
5.202073887339792257e+00
6.635186805242852870e+00
8.068890588663428787e+00
9.508672242913569050e+00
1.072154575723421921e+01
1.200050175253242735e+01
1.347520015396741577e+01
1.488065012767104278e+01
1.625244933259908819e+01
1.783561544867885829e+01
1.921258843043439768e+01
2.068692645074663972e+01
2.241581003057225630e+01
2.394929401031129856e+01
2.555955220027506414e+01
2.694537452541494105e+01
2.841489167512299829e+01
2.999789167562657610e+01
3.136615889514734690e+01
3.275506602689543456e+01
3.433283364870577259e+01
3.565757733661809681e+01
3.697222537935924436e+01
3.848955756374601833e+01
3.996650030113836038e+01
4.153049829900509593e+01
4.324764743735145345e+01
4.473017868942802977e+01
4.645001518916644301e+01
4.799127862025259361e+01
4.953849414914352423e+01
5.115348587332325536e+01
5.239262407767883190e+01
5.382752509308146216e+01
5.551031541219632715e+01
5.685651028595410139e+01
5.794298472549557744e+01
5.950975699854897982e+01
6.105301759711358045e+01
6.268241286507360144e+01
6.390004326862771222e+01
6.538797717823285893e+01
6.693818276266354417e+01
6.834985054074577704e+01
6.961200615074450582e+01
7.089508509436238626e+01
7.212292717169805201e+01
7.359758974054703629e+01
7.518723115877175189e+01
7.668317287494899404e+01
7.780922496806746835e+01
7.905550853290851876e+01
7.973072821716122860e+01
8.067417722607446251e+01
8.196858982746641686e+01
8.298253115732065055e+01
8.426027433375516296e+01
8.541835206307553108e+01
8.658964672040814037e+01
8.822851847168533368e+01
8.973177243542959047e+01
9.090795466239920586e+01
9.240398782237467401e+01
9.411746125704586063e+01
9.592570294881748794e+01
9.713235209291374872e+01
9.832931920675969195e+01
9.990917600779293650e+01
1.014424208383157691e+02
1.027901851267869944e+02
1.044071235648175673e+02
1.058486301108112713e+02
1.072718354960748570e+02
1.088751821926971672e+02
1.102260329958690477e+02
1.114226784824091396e+02
1.128964643181320611e+02
1.142180195895153787e+02
1.157029032667827835e+02
1.168640940636705352e+02
1.179614403699425651e+02
1.189094886663712032e+02
1.196748294728296145e+02
1.211105659357898077e+02
1.226767191370232837e+02
1.238196513030487154e+02
1.248480322537200777e+02
1.258374254521645668e+02
1.272169218521524527e+02
1.288323871795513753e+02
1.298309719986739310e+02
1.308281882900278674e+02
1.323802115915960371e+02
1.335749536789820695e+02
1.349120117809262922e+02
1.365504348815466926e+02
1.379771095742084697e+02
1.394412240049673812e+02
1.409795403856834071e+02
1.423080640365695331e+02
1.437024703244543957e+02
1.452589447787279937e+02
1.464908984828060454e+02
1.482392921796504766e+02
1.498142503875231455e+02
1.512912237587660229e+02
1.529811772505418617e+02
1.545865515601754510e+02
1.562007315175422377e+02
1.580687317572563018e+02
1.595954868940334279e+02
1.606877098657602403e+02
1.620794443776160847e+02
1.633011467273751123e+02
1.645401856514795895e+02
1.659556665866251137e+02
1.671734080195526815e+02
1.686516509789100837e+02
1.699951034594607790e+02
1.714157251874256360e+02
1.728323899873302878e+02
1.739743517754241111e+02
1.753321216498931108e+02
1.768643192695203652e+02
1.783369369681113028e+02
1.797788636073032364e+02
1.814643032728187677e+02
1.829754158578088266e+02
1.846235557453406670e+02
1.859289583241763921e+02
1.872776471878937912e+02
1.884842499168269967e+02
1.895068190797416889e+02
1.904429291838586380e+02
1.917722859344271455e+02
1.931179901843485140e+02
1.948988933400550252e+02
1.966561916747058376e+02
1.981501913072141861e+02
1.993405843869317380e+02
2.007349485285460560e+02
2.018576718974771040e+02
2.034287080828401884e+02
2.049532030493754178e+02
2.065070857241101976e+02
2.077928886132016828e+02
2.090036983961043688e+02
2.102547952064044807e+02
2.116771804752343087e+02
2.132486979447868976e+02
2.148399681131467958e+02
2.154401847181482594e+02
2.148871530527345328e+02
2.150661583541774178e+02
2.146790535588447995e+02
2.157129262562292524e+02
2.173762019205235845e+02
2.188786172397149699e+02
2.197660517163998009e+02
2.199092660792654783e+02
2.182762474083268103e+02
2.185883200660184684e+02
2.201155774146107831e+02
2.205144727030090337e+02
2.210372585132079735e+02
2.208136641839090544e+02
2.207125407317079748e+02
2.214302945097965107e+02
2.227728856633486600e+02
2.240165322338783085e+02
2.249243722362494680e+02
2.255983313089389810e+02
2.259917311814786842e+02
2.264945920582531187e+02
2.270299153325086650e+02
2.276719100544906382e+02
2.282293083280423502e+02
2.289831114016713798e+02
2.296611993586170399e+02
2.302405040790432622e+02
2.310903278301095725e+02
2.322030198660095550e+02
2.331095397849723554e+02
2.341488415653319919e+02
2.354053051407416035e+02
2.366749681889732813e+02
2.378537296544811568e+02
2.385792122398647166e+02
2.394335811682762198e+02
2.405600260489348443e+02
2.417012518391850904e+02
2.427337497324313631e+02
2.437082017742799849e+02
2.447752740124750517e+02
2.457010086223666292e+02
2.466526882789817137e+02
2.474758299039798999e+02
2.485630481134269871e+02
2.495003341494953872e+02
2.498379447779200859e+02
2.505207183874906036e+02
2.515017601173397281e+02
2.527261215047519158e+02
2.540699050699078043e+02
2.552902973753896276e+02
2.556038715240064505e+02
2.562929460684546825e+02
2.570505986206648572e+02
2.579014124526826208e+02
2.586606085621209559e+02
2.595296361016564219e+02
2.604964386360372259e+02
2.614822282094146999e+02
2.623391760294745154e+02
2.636289129203141783e+02
2.647992273913217218e+02
2.652053232972364185e+02
2.658817832410998676e+02
2.668354546095781643e+02
2.678135637395197932e+02
2.680950948106727765e+02
2.675884260202237215e+02
2.660587122575460626e+02
2.665185542985814209e+02
2.670957382916762981e+02
2.678286533991877150e+02
2.689569053841667596e+02
2.701895510244623324e+02
2.710266291512490398e+02
2.701457430244452667e+02
2.692627013565375478e+02
2.691709977990443008e+02
2.695268062797800894e+02
2.701486502714247422e+02
2.706240227731208847e+02
2.714167768605952347e+02
2.726304288994492140e+02
2.737386919215750822e+02
2.747431524338865643e+02
2.739439266883707091e+02
2.726844489520747175e+02
2.718493354762733247e+02
2.716337292183315526e+02
2.720215169143264120e+02
2.727320458121077991e+02
2.739012990150129667e+02
2.751919763202756144e+02
2.763319722092274446e+02
2.753742603425114908e+02
2.744313308001263749e+02
2.745936541172935677e+02
2.754326549422710855e+02
2.763320762927578471e+02
2.771493726467389820e+02
2.782577231658785877e+02
2.792611170881899625e+02
2.798667010989909159e+02
2.802164211790707782e+02
2.803343542360952370e+02
2.802938450021745211e+02
2.808061765399573915e+02
2.811778199322867522e+02
2.815319983305381584e+02
2.824847397298755141e+02
2.837960846149725285e+02
2.842497970719559817e+02
2.845609787161330928e+02
2.849565987984992148e+02
2.854929231564524343e+02
2.864010559718452669e+02
2.877713814252992393e+02
2.892751669352940667e+02
2.906485822657341487e+02
2.920300556025408696e+02
2.929557203141261539e+02
2.910334722622283721e+02
2.899121311869516262e+02
2.901212331066099068e+02
2.910808367936072614e+02
2.925029461169741012e+02
2.938263112910061068e+02
2.948159655427963344e+02
2.951819244428000957e+02
2.960463286278397277e+02
2.975171082916581895e+02
2.991421366911408768e+02
2.999227204485081302e+02
3.003978397422824855e+02
3.014833823156366179e+02
3.027972988355447228e+02
3.042970386788048813e+02
3.052791196357853210e+02
3.064393942055078810e+02
3.080764386763931384e+02
3.095854393951889278e+02
3.111801162420101718e+02
3.129362996788717624e+02
3.143074035428399498e+02
3.150583968639348313e+02
3.168186563710024188e+02
3.184284697365342254e+02
3.201927363515371781e+02
3.201531401115794893e+02
3.210614263352271109e+02
3.219744816502453091e+02
3.232146842083517981e+02
3.247239044382151860e+02
3.259905589459554562e+02
3.266327764818468040e+02
3.277816691858940317e+02
3.295630315268690538e+02
3.311899496856055976e+02
3.329874079824548403e+02
3.342986227594082038e+02
3.356076251958374428e+02
3.796287093239056958e+03
