0.000000000000000000e+00
1.202072715326406582e+00
2.668864015780149312e+00
3.876350410503845989e+00
5.202073887339792257e+00
6.635186805242852870e+00
8.068890588663428787e+00
9.508672242913569050e+00
1.072154575723421921e+01
1.200050175253242735e+01
1.347520015396741577e+01
1.488065012767104278e+01
1.625244933259908819e+01
1.783561544867885829e+01
1.921258843043439768e+01
2.068692645074663972e+01
2.241581003057225630e+01
2.394929401031129856e+01
2.555955220027506414e+01
2.694537452541494105e+01
2.841489167512299829e+01
2.999789167562657610e+01
3.136615889514734690e+01
3.275506602689543456e+01
3.433283364870577259e+01
3.565757733661809681e+01
3.697222537935924436e+01
3.848955756374601833e+01
3.996650030113836038e+01
4.153049829900509593e+01
4.324764743735145345e+01
4.473017868942802977e+01
4.645001518916644301e+01
4.799127862025259361e+01
4.953849414914352423e+01
5.115348587332325536e+01
5.239262407767883190e+01
5.382752509308146216e+01
5.551031541219632715e+01
5.685651028595410139e+01
5.794298472549557744e+01
5.950975699854897982e+01
6.105301759711358045e+01
6.268241286507360144e+01
6.390004326862771222e+01
6.538797717823285893e+01
6.693818276266354417e+01
6.834985054074577704e+01
6.961200615074450582e+01
7.089508509436238626e+01
7.212292717169805201e+01
7.359758974054703629e+01
7.518723115877175189e+01
7.668317287494899404e+01
7.780922496806746835e+01
7.905550853290851876e+01
7.973072821716122860e+01
8.067417722607446251e+01
8.196858982746641686e+01
8.298253115732065055e+01
8.426027433375516296e+01
8.541835206307553108e+01
8.658964672040814037e+01
8.822851847168533368e+01
8.973177243542959047e+01
9.090795466239920586e+01
9.240398782237467401e+01
9.411746125704586063e+01
9.592570294881748794e+01
9.713235209291374872e+01
9.832931920675969195e+01
9.990917600779293650e+01
1.014424208383157691e+02
1.027901851267869944e+02
1.044071235648175673e+02
1.058486301108112713e+02
1.072718354960748570e+02
1.088751821926971672e+02
1.102260329958690477e+02
1.114226784824091396e+02
1.128964643181320611e+02
1.142180195895153787e+02
1.157029032667827835e+02
1.168640940636705352e+02
1.179614403699425651e+02
1.189094886663712032e+02
1.196748294728296145e+02
1.211105659357898077e+02
1.226767191370232837e+02
1.238196513030487154e+02
1.248480322537200777e+02
1.258374254521645668e+02
1.272169218521524527e+02
1.288323871795513753e+02
1.298309719986739310e+02
1.308281882900278674e+02
1.323802115915960371e+02
1.335749536789820695e+02
1.349120117809262922e+02
1.365504348815466926e+02
1.379771095742084697e+02
1.394412240049673812e+02
1.409795403856834071e+02
1.423080640365695331e+02
1.437024703244543957e+02
1.452589447787279937e+02
1.464908984828060454e+02
1.482392921796504766e+02
1.498142503875231455e+02
1.512912237587660229e+02
1.529811772505418617e+02
1.545865515601754510e+02
1.562007315175422377e+02
1.580687317572563018e+02
1.595954868940334279e+02
1.606877098657602403e+02
1.620794443776160847e+02
1.633011467273751123e+02
1.645401856514795895e+02
1.659556665866251137e+02
1.671734080195526815e+02
1.686516509789100837e+02
1.699951034594607790e+02
1.714157251874256360e+02
1.728323899873302878e+02
1.739743517754241111e+02
1.753321216498931108e+02
1.768643192695203652e+02
1.783369369681113028e+02
1.797788636073032364e+02
1.814643032728187677e+02
1.829754158578088266e+02
1.846235557453406670e+02
1.859289583241763921e+02
1.872776471878937912e+02
1.884842499168269967e+02
1.895068190797416889e+02
1.904429291838586380e+02
1.917722859344271455e+02
1.931179901843485140e+02
1.948988933400550252e+02
1.967559056837297646e+02
1.982499053162381415e+02
1.994402983959556934e+02
2.008346625375699830e+02
2.019573859065010595e+02
2.035284220918641438e+02
2.050529170583993732e+02
2.066067997331341530e+02
2.078926026222256382e+02
2.091034124051282959e+02
2.103545092154284362e+02
2.117768944842582641e+02
2.133484119538108530e+02
2.149396821221707512e+02
2.155398987271722149e+02
2.149868670617584598e+02
2.151658723632013732e+02
2.147787675678687549e+02
2.158126402652532079e+02
2.191892894084872978e+02
2.225567533401420519e+02
2.234441878168268545e+02
2.235874021796925035e+02
2.219543835087538639e+02
2.222664561664455221e+02
2.239274393733088004e+02
2.243263346617070226e+02
2.248491204719059624e+02
2.246255261426070433e+02
2.245244026904059922e+02
2.252421564684945281e+02
2.267287998014994912e+02
2.279724463720291396e+02
2.288802863744002991e+02
2.295542454470897837e+02
2.299476453196294869e+02
2.304505061964038930e+02
2.309858294706594961e+02
2.316278241926414694e+02
2.321852224661931814e+02
2.329390255398222109e+02
2.336171134967678427e+02
2.341964182171940934e+02
2.350462419682604036e+02
2.361589340041603577e+02
2.370654539231231297e+02
2.381047557034827946e+02
2.393612192788924347e+02
2.406308823271240840e+02
2.418096437926319879e+02
2.425351263780155477e+02
2.433894953064270510e+02
2.445159401870856755e+02
2.456571659773358931e+02
2.466896638705821942e+02
2.476641159124307876e+02
2.487311881506258828e+02
2.496569227605174319e+02
2.506086024171324880e+02
2.514317440421307026e+02
2.525189622515778183e+02
2.534562482876462184e+02
2.537938589160709171e+02
2.544766325256414348e+02
2.554576742554905877e+02
2.569042443251627788e+02
2.589965647378302265e+02
2.605135489612222841e+02
2.608271231098390217e+02
2.615161976542872821e+02
2.622738502064974568e+02
2.631246640385152205e+02
2.638838601479534987e+02
2.647528876874890216e+02
2.657196902218697687e+02
2.667054797952473564e+02
2.675624276153071150e+02
2.688791034734388745e+02
2.700767796078607148e+02
2.704828755137753546e+02
2.711593354576388606e+02
2.721130068261171573e+02
2.730911159560587862e+02
2.733726470272117695e+02
2.728659782367627145e+02
2.713362644740850556e+02
2.717961065151203570e+02
2.723732905082153479e+02
2.731062056157267079e+02
2.744241920007791578e+02
2.765672128138722883e+02
2.774042909406590525e+02
2.765234048138552225e+02
2.756403631459475605e+02
2.755486595884542567e+02
2.759044680691901021e+02
2.765263120608347549e+02
2.770016845625308974e+02
2.777944386500052474e+02
2.791292682731423724e+02
2.806178066754179099e+02
2.816222671877294488e+02
2.808230414422135937e+02
2.795635637059175451e+02
2.787284502301162092e+02
2.785128439721744371e+02
2.789006316681692965e+02
2.796111605659506267e+02
2.808359037341219278e+02
2.830863782799617638e+02
2.842263741689135941e+02
2.832686623021975834e+02
2.823257327598125244e+02
2.824880560769796602e+02
2.833270569019571781e+02
2.842264782524439966e+02
2.850437746064251314e+02
2.861521251255646803e+02
2.871555190478760551e+02
2.877611030586770084e+02
2.881108231387569276e+02
2.882287561957813864e+02
2.881882469618606706e+02
2.887005784996435409e+02
2.890722218919728448e+02
2.894264002902243078e+02
2.903791416895616635e+02
2.917020106429583848e+02
2.921557230999418948e+02
2.924669047441189491e+02
2.928625248264850143e+02
2.933988491844382906e+02
2.943069819998311232e+02
2.958343375006492124e+02
2.976932682271188355e+02
3.004328254386277308e+02
3.027185827512211063e+02
3.036442474628063906e+02
3.017219994109086088e+02
3.006006583356318060e+02
3.008097602552900867e+02
3.017693639422873275e+02
3.031914732656542810e+02
3.045148384396862298e+02
3.055044926914765142e+02
3.058704515914802755e+02
3.067348557765199075e+02
3.082056354403383125e+02
3.098306638398209998e+02
3.106112475971882532e+02
3.110863668909626085e+02
3.121719094643167409e+02
3.134858259842249026e+02
3.149855658274850043e+02
3.159676467844655008e+02
3.171279213541880608e+02
3.187649658250733182e+02
3.202739665438691077e+02
3.219173670771394882e+02
3.238612070717624078e+02
3.252323109357305952e+02
3.259833042568254768e+02
3.279734150547984086e+02
3.306068419735304929e+02
3.325098795429757956e+02
3.324702833030181068e+02
3.333785695266657285e+02
3.342916248416838130e+02
3.355318273997904726e+02
3.370410476296538036e+02
3.383077021373939601e+02
3.389499196732853079e+02
3.400988123773327061e+02
3.420196598474996108e+02
3.439855978639141085e+02
3.458366565239739430e+02
3.471478713009274202e+02
3.484568737373566023e+02
3.880584693419015821e+03
