0.000000000000000000e+00
1.202072715326406582e+00
2.668864015780149312e+00
3.876350410503845989e+00
5.202073887339792257e+00
6.635186805242852870e+00
8.068890588663428787e+00
9.508672242913569050e+00
1.072154575723421921e+01
1.200050175253242735e+01
1.347520015396741577e+01
1.488065012767104278e+01
1.625244933259908819e+01
1.783561544867885829e+01
1.921258843043439768e+01
2.068692645074663972e+01
2.241581003057225630e+01
2.394929401031129856e+01
2.555955220027506414e+01
2.694537452541494105e+01
2.841489167512299829e+01
2.999789167562657610e+01
3.136615889514734690e+01
3.275506602689543456e+01
3.433283364870577259e+01
3.565757733661809681e+01
3.697222537935924436e+01
3.848955756374601833e+01
3.996650030113836038e+01
4.153049829900509593e+01
4.324764743735145345e+01
4.473017868942802977e+01
4.645001518916644301e+01
4.799127862025259361e+01
4.953849414914352423e+01
5.115348587332325536e+01
5.239262407767883190e+01
5.382752509308146216e+01
5.551031541219632715e+01
5.685651028595410139e+01
5.794298472549557744e+01
5.950975699854897982e+01
6.105301759711358045e+01
6.268241286507360144e+01
6.390004326862771222e+01
6.538797717823285893e+01
6.693818276266354417e+01
6.834985054074577704e+01
6.961200615074450582e+01
7.089508509436238626e+01
7.212292717169805201e+01
7.359758974054703629e+01
7.518723115877175189e+01
7.668317287494899404e+01
7.780922496806746835e+01
7.905550853290851876e+01
7.973072821716122860e+01
8.067417722607446251e+01
8.196858982746641686e+01
8.298253115732065055e+01
8.426027433375516296e+01
8.541835206307553108e+01
8.658964672040814037e+01
8.822851847168533368e+01
8.973177243542959047e+01
9.090795466239920586e+01
9.240398782237467401e+01
9.411746125704586063e+01
9.592570294881748794e+01
9.713235209291374872e+01
9.832931920675969195e+01
9.990917600779293650e+01
1.014424208383157691e+02
1.027901851267869944e+02
1.044071235648175673e+02
1.058486301108112713e+02
1.072718354960748570e+02
1.088751821926971672e+02
1.102260329958690477e+02
1.114226784824091396e+02
1.128964643181320611e+02
1.142180195895153787e+02
1.157029032667827835e+02
1.168640940636705352e+02
1.179614403699425651e+02
1.189094886663712032e+02
1.196748294728296145e+02
1.211105659357898077e+02
1.226767191370232837e+02
1.238196513030487154e+02
1.248480322537200777e+02
1.258374254521645668e+02
1.272169218521524527e+02
1.288323871795513753e+02
1.298309719986739310e+02
1.308281882900278674e+02
1.323802115915960371e+02
1.335749536789820695e+02
1.349120117809262922e+02
1.365504348815466926e+02
1.379771095742084697e+02
1.394412240049673812e+02
1.409795403856834071e+02
1.423080640365695331e+02
1.437024703244543957e+02
1.452589447787279937e+02
1.464908984828060454e+02
1.482392921796504766e+02
1.498142503875231455e+02
1.512912237587660229e+02
1.529811772505418617e+02
1.545865515601754510e+02
1.562007315175422377e+02
1.580687317572563018e+02
1.595954868940334279e+02
1.606877098657602403e+02
1.620794443776160847e+02
1.633011467273751123e+02
1.645401856514795895e+02
1.659556665866251137e+02
1.671734080195526815e+02
1.686516509789100837e+02
1.699951034594607790e+02
1.714157251874256360e+02
1.728323899873302878e+02
1.739743517754241111e+02
1.753321216498931108e+02
1.768643192695203652e+02
1.783369369681113028e+02
1.797788636073032364e+02
1.814643032728187677e+02
1.829754158578088266e+02
1.846235557453406670e+02
1.859289583241763921e+02
1.872776471878937912e+02
1.884842499168269967e+02
1.895068190797416889e+02
1.904429291838586380e+02
1.917722859344271455e+02
1.931179901843485140e+02
1.948988933400550252e+02
1.965564776656818822e+02
1.980504772981902306e+02
1.992408703779077825e+02
2.006352345195221005e+02
2.017579578884531770e+02
2.033289940738162329e+02
2.048534890403514623e+02
2.064073717150862421e+02
2.076931746041777274e+02
2.089039843870804134e+02
2.101550811973805253e+02
2.115774664662103532e+02
2.131489839357629705e+02
2.147402541041228403e+02
2.153404707091243040e+02
2.147874390437105774e+02
2.149664443451534623e+02
2.145793395498208440e+02
2.156132122472053254e+02
2.155631144325599280e+02
2.152004811392879446e+02
2.160879156159727472e+02
2.162311299788384247e+02
2.145981113078997851e+02
2.149101839655914148e+02
2.163037154559127941e+02
2.167026107443110448e+02
2.172253965545099561e+02
2.170018022252110654e+02
2.169006787730100143e+02
2.176184325510985218e+02
2.188169715251978573e+02
2.200606180957275342e+02
2.209684580980986652e+02
2.216424171707881783e+02
2.220358170433278815e+02
2.225386779201023160e+02
2.230740011943578622e+02
2.237159959163398355e+02
2.242733941898915759e+02
2.250271972635205771e+02
2.257052852204662372e+02
2.262845899408924879e+02
2.271344136919587697e+02
2.282471057278587523e+02
2.291536256468215527e+02
2.301929274271811892e+02
2.314493910025908008e+02
2.327190540508224785e+02
2.338978155163303541e+02
2.346232981017139139e+02
2.354776670301254171e+02
2.366041119107840416e+02
2.377453377010342876e+02
2.387778355942805604e+02
2.397522876361291821e+02
2.408193598743242489e+02
2.417450944842158265e+02
2.426967741408309109e+02
2.435199157658291256e+02
2.446071339752762128e+02
2.455444200113446129e+02
2.458820306397692832e+02
2.465648042493398293e+02
2.475458459791889254e+02
2.485479986843410813e+02
2.491432454019854674e+02
2.500670457895570848e+02
2.503806199381738793e+02
2.510696944826221397e+02
2.518273470348323144e+02
2.526781608668500496e+02
2.534373569762883847e+02
2.543063845158238792e+02
2.552731870502046547e+02
2.562589766235821571e+02
2.571159244436419726e+02
2.583787223671894822e+02
2.595216751747827857e+02
2.599277710806974824e+02
2.606042310245609315e+02
2.615579023930392282e+02
2.625360115229808571e+02
2.628175425941338403e+02
2.623108738036847853e+02
2.607811600410071264e+02
2.612410020820424279e+02
2.618181860751374188e+02
2.625511011826487788e+02
2.634896187675544184e+02
2.638118892350523765e+02
2.646489673618390839e+02
2.637680812350352539e+02
2.628850395671275919e+02
2.627933360096344018e+02
2.631491444903701336e+02
2.637709884820147863e+02
2.642463609837109288e+02
2.650391150711853356e+02
2.661315895257560555e+02
2.668595771677322546e+02
2.678640376800437934e+02
2.670648119345278815e+02
2.658053341982318898e+02
2.649702207224305539e+02
2.647546144644887818e+02
2.651424021604835843e+02
2.658529310582649714e+02
2.669666942959040057e+02
2.672975743605895218e+02
2.684375702495413520e+02
2.674798583828253413e+02
2.665369288404402823e+02
2.666992521576074751e+02
2.675382529825849929e+02
2.684376743330717545e+02
2.692549706870528894e+02
2.703633212061924951e+02
2.713667151285038130e+02
2.719722991393048233e+02
2.723220192193846856e+02
2.724399522764091444e+02
2.723994430424884285e+02
2.729117745802713557e+02
2.732834179726006028e+02
2.736375963708520658e+02
2.745903377701894783e+02
2.758901585869867290e+02
2.763438710439701822e+02
2.766550526881472933e+02
2.770506727705133585e+02
2.775869971284666349e+02
2.784951299438595242e+02
2.797084253499493798e+02
2.808570656434692410e+02
2.808643390928405097e+02
2.813415284538606329e+02
2.822671931654459172e+02
2.803449451135481922e+02
2.792236040382714464e+02
2.794327059579296701e+02
2.803923096449270247e+02
2.818144189682939214e+02
2.831377841423258701e+02
2.841274383941161545e+02
2.844933972941199158e+02
2.853578014791595479e+02
2.868285811429779528e+02
2.884536095424606401e+02
2.892341932998279503e+02
2.897093125936022489e+02
2.907948551669563813e+02
2.921087716868645430e+02
2.936085115301246447e+02
2.945905924871051411e+02
2.957508670568277012e+02
2.973879115277129586e+02
2.988969122465087480e+02
3.004428654068808555e+02
3.020113922859810032e+02
3.033824961499491906e+02
3.041334894710440722e+02
3.056638976872063722e+02
3.062500974995377874e+02
3.078755931600985605e+02
3.078359969201408717e+02
3.087442831437884365e+02
3.096573384588066347e+02
3.108975410169131806e+02
3.124067612467765684e+02
3.136734157545168387e+02
3.143156332904081296e+02
3.154645259944554141e+02
3.171064032062383831e+02
3.183943015072969729e+02
3.201381594409356808e+02
3.214493742178890443e+02
3.227583766543182264e+02
3.712599669067391460e+03
