0.000000000000000000e+00
5.067059483013359733e-01
2.752114197982488797e+00
3.114555221118427752e+00
2.062021214544205172e+00
8.113875177923559612e-01
5.042741695090857679e-01
1.795392782853111768e+00
2.246828745005194250e+00
4.434902182903629253e+00
5.394551989878340059e+00
5.271968409703465142e+00
4.526495970596161378e+00
3.401019987426084690e+00
2.568316939359132078e+00
2.394529408684055838e+00
2.817348615923116473e+00
2.811774631157207160e+00
1.660312891771546839e+00
6.346239313190930043e-01
5.138026501372524590e-01
1.068791955396173332e+00
8.776367146700880806e-01
9.055905400940873484e-01
1.259059396380087792e+00
1.874495411690499269e+00
1.483637070622843224e+00
6.357083202806865785e-01
1.726719158965320577e+00
2.319210872083411701e+00
2.587177608121352890e+00
3.402930266873864795e+00
3.017347102919941904e+00
3.190846542836614397e+00
4.180928102061058915e+00
5.474913494680397008e+00
6.000605951911858860e+00
5.354236045391141730e+00
5.691734164995787992e+00
6.747207486733753257e+00
7.133240118625087334e+00
6.821198783478033434e+00
7.078562895044334446e+00
7.338402144491796619e+00
6.996865202666395334e+00
6.721118143737301764e+00
7.020879771810545122e+00
7.978417849135722051e+00
8.234993231544500247e+00
9.266311586095124397e+00
1.021313372677598430e+01
1.087567728503441700e+01
1.113142488906315819e+01
1.177924790316501991e+01
1.253321519264888195e+01
1.317110457692071179e+01
1.337612889000083882e+01
1.261537391657774876e+01
1.280633089489251653e+01
1.403315776447168339e+01
1.499520640573949493e+01
1.620316805950173134e+01
1.698483706672019267e+01
1.710898255676823609e+01
1.591482855132322172e+01
1.517290931195675974e+01
1.630745291955631870e+01
1.844553757731387833e+01
1.958643916290334275e+01
1.930506602185500853e+01
1.838304752004303566e+01
1.705436375076928002e+01
1.550575220934224419e+01
1.479140128415087929e+01
1.451125897871498083e+01
1.598016293987917891e+01
1.797926840526381653e+01
1.905941415956015561e+01
1.711956378905281184e+01
1.564537906533287881e+01
1.510789520991827750e+01
1.497746861478883318e+01
1.481268114956223236e+01
1.462658802951243331e+01
1.477618799238090830e+01
1.473909567242223417e+01
1.476441347108284852e+01
1.487310324009702178e+01
1.493436390038420747e+01
1.497733282334152527e+01
1.487496076775088483e+01
1.479900153986756806e+01
1.485799885811874965e+01
1.513007213110261873e+01
1.487026857292046600e+01
1.468276869321617895e+01
1.477472493242276919e+01
1.460640298944820081e+01
1.442479428817054199e+01
1.390351899386800483e+01
1.342294320613015834e+01
1.326922149425099207e+01
1.320490549111687884e+01
1.307681089602847813e+01
1.287781510398243867e+01
1.292959452243398921e+01
1.279607990240535642e+01
1.282444584249616071e+01
1.256432490675241631e+01
1.232981301088541137e+01
1.239643955116039642e+01
1.231386686184612245e+01
1.220190303411797217e+01
1.219903955746385549e+01
1.209468037624513848e+01
1.206416772554138994e+01
1.209852873108656368e+01
1.198888333931175332e+01
1.199228176416042047e+01
1.199870509406806107e+01
1.187273567332883495e+01
1.178217359673990750e+01
1.172748354250122560e+01
1.161553173434664465e+01
1.164449648569180873e+01
1.163851255316030198e+01
1.155134185319740858e+01
1.151165949688421719e+01
1.146639622809269987e+01
1.139905159641606325e+01
1.121025412945317257e+01
1.110410142574481718e+01
1.100573118225312896e+01
1.100775141786414935e+01
1.095028755048136659e+01
1.065820508406387646e+01
1.040498119604268545e+01
1.035499483999653769e+01
nan
nan
nan
nan
nan
nan
nan
nan
nan
nan
nan
nan
nan
nan
nan
nan
nan
