0.000000000000000000e+00
5.067059483013359733e-01
2.752114197982488797e+00
3.114555221118427752e+00
2.062021214544205172e+00
8.113875177923559612e-01
5.042741695090857679e-01
1.795392782853111768e+00
2.246828745005194250e+00
4.434902182903629253e+00
5.394551989878340059e+00
5.271968409703465142e+00
4.526495970596161378e+00
3.401019987426084690e+00
2.568316939359132078e+00
2.394529408684055838e+00
2.817348615923116473e+00
2.811774631157207160e+00
1.710143440096347334e+00
6.844544796438934986e-01
5.103943187715490604e-01
1.118622503720974048e+00
9.274672629948921276e-01
9.554210884188913955e-01
1.308889944704891839e+00
1.924325960015303538e+00
1.533467618947647493e+00
6.855388686054908476e-01
1.670295880197381511e+00
2.262787593315472634e+00
2.530754329353413823e+00
3.346506988105925728e+00
2.960923824152002837e+00
3.134423264068675330e+00
4.124504823293119848e+00
5.355102026642312829e+00
5.880794483873774681e+00
5.234424577353057551e+00
5.571922696957702925e+00
6.627396018695669966e+00
7.013428650587004043e+00
6.701387315439948367e+00
6.958751427006250267e+00
7.218590676453711552e+00
6.877053734628310266e+00
6.601306675699218474e+00
6.901068303772460055e+00
7.858606381097638760e+00
8.115181763506416956e+00
9.146500118057039330e+00
1.009332225873789923e+01
1.075586581699633371e+01
1.101161342102507490e+01
1.165943643512693484e+01
1.241340372461079689e+01
1.305129310888262850e+01
1.325631742196275376e+01
1.249556244853966547e+01
1.268651942685443146e+01
1.391334629643360543e+01
1.487539493770141696e+01
1.608335659146365515e+01
1.686502559868211648e+01
1.698917108873015991e+01
1.579501708328514553e+01
1.505309784391868178e+01
1.618764145151824252e+01
1.735033619552792317e+01
1.849123778111738403e+01
1.820986464006904981e+01
1.728784613825707694e+01
1.595916236898332130e+01
1.441055082755628547e+01
1.369619990236492058e+01
1.341605759692902566e+01
1.458003771022249140e+01
1.561433931644731388e+01
1.662857468167514341e+01
1.468872431116779786e+01
1.321453958744786839e+01
1.267705573203326708e+01
1.254662913690382275e+01
1.238184167167722194e+01
1.219574855162742288e+01
1.234534851449589787e+01
1.230825619453722375e+01
1.233357399319783809e+01
1.244226376221201136e+01
1.250352442249919704e+01
1.254649334545651662e+01
1.244412128986587618e+01
1.236816206198255941e+01
1.242715938023374100e+01
1.269923265321761008e+01
1.243942909503545735e+01
1.225192921533117030e+01
1.234388545453776054e+01
1.217556351156319216e+01
1.199395481028553334e+01
1.147267951598299618e+01
1.099210372824514970e+01
1.083838201636598342e+01
1.077406601323187019e+01
1.064597141814346948e+01
1.044697562609743002e+01
1.049875504454898056e+01
1.036524042452034777e+01
1.039360636461115206e+01
1.013348542886740766e+01
9.898973533000402725e+00
9.965600073275387771e+00
9.883027383961113799e+00
9.771063556232963521e+00
9.768200079578846839e+00
9.663840898360129827e+00
9.633328247656381293e+00
9.667689253201555033e+00
9.558043861426744670e+00
9.561442286275411817e+00
9.567865616183052424e+00
9.441896195443826301e+00
9.351334118854898847e+00
9.296644064616216951e+00
9.184692256461636006e+00
9.213657007806800081e+00
9.207673075275293328e+00
9.120502375312399934e+00
9.080820018999208543e+00
9.035556750207691223e+00
8.968212118531054600e+00
8.779414651568163919e+00
8.673261947859808529e+00
8.574891704368120315e+00
8.576911939979140698e+00
8.519448072596357946e+00
8.227365606178867807e+00
7.974141718157676806e+00
7.924155362111529044e+00
nan
nan
nan
nan
nan
nan
nan
nan
nan
nan
nan
nan
nan
nan
nan
nan
nan
