0.000000000000000000e+00
5.067059483013359733e-01
2.752114197982488797e+00
3.114555221118427752e+00
2.062021214544205172e+00
8.113875177923559612e-01
5.042741695090857679e-01
1.795392782853111768e+00
2.246828745005194250e+00
4.434902182903629253e+00
5.394551989878340059e+00
5.271968409703465142e+00
4.526495970596161378e+00
3.401019987426084690e+00
2.568316939359132078e+00
2.394529408684055838e+00
2.817348615923116473e+00
2.811774631157207160e+00
1.759973988421147828e+00
7.342850279686939929e-01
5.602248670963495547e-01
1.168453052045774321e+00
9.772978113196890693e-01
1.005251636743688337e+00
1.358720493029688781e+00
1.974156508340100258e+00
1.583298167272444212e+00
7.353694169302875672e-01
1.613872601429449105e+00
2.206364314547540229e+00
2.474331050585481417e+00
3.290083709337993323e+00
2.904500545384070875e+00
3.077999985300743369e+00
4.068081544525186999e+00
5.235290558604234867e+00
5.760983015835696719e+00
5.114613109314979589e+00
5.452111228919624963e+00
6.507584550657592004e+00
6.893617182548926081e+00
6.581575847401870405e+00
6.838939958968172306e+00
7.098779208415633590e+00
6.757242266590232305e+00
6.481495207661140512e+00
6.781256835734382094e+00
7.738794913059560798e+00
7.995370295468338107e+00
9.026688650018961368e+00
9.973510790699823048e+00
1.063605434895825574e+01
1.089180195298699694e+01
1.153962496708885865e+01
1.229359225657271892e+01
1.293148164084455054e+01
1.313650595392467579e+01
1.237575098050158751e+01
1.256670795881635527e+01
1.379353482839552925e+01
1.475558346966333900e+01
1.596354512342557541e+01
1.674521413064403674e+01
1.686935962069208017e+01
1.567520561524706579e+01
1.493328637588060559e+01
1.606782998348016633e+01
1.625513481374196445e+01
1.739603639933142887e+01
1.711466325828309465e+01
1.619264475647111823e+01
1.486396098719736436e+01
1.331534944577032853e+01
1.260099852057896364e+01
1.232085621514306695e+01
1.317991248056580034e+01
1.324941022763081300e+01
1.419773520379013121e+01
1.225788483328278389e+01
1.078370010956285441e+01
1.024621625414825310e+01
1.011578965901880878e+01
9.951002193792207962e+00
9.764909073742408907e+00
9.914509036610883896e+00
9.877416716652209772e+00
9.902734515312824115e+00
1.001142428432699738e+01
1.007268494461418307e+01
1.011565386757150087e+01
1.001328181198086043e+01
9.937322584097543654e+00
9.996319902348725250e+00
1.026839317533259432e+01
1.000858961715044160e+01
9.821089737446154544e+00
9.913045976652744784e+00
9.744724033678176411e+00
9.563115332400517588e+00
9.041840038097980425e+00
8.561264250360133943e+00
8.407542538480967664e+00
8.343226535346854433e+00
8.215131940258453724e+00
8.016136148212414270e+00
8.067915566663964810e+00
7.934400946635332019e+00
7.962766886726136306e+00
7.702645950982391909e+00
7.468134055115386971e+00
7.534760595390372018e+00
7.452187906076098045e+00
7.340224078347947767e+00
7.337360601693831086e+00
7.233001420475114074e+00
7.202488769771365540e+00
7.236849775316539279e+00
7.127204383541728916e+00
7.130602808390396063e+00
7.137026138298036670e+00
7.011056717558810547e+00
6.920494640969883093e+00
6.865804586731201198e+00
6.753852778576620253e+00
6.782817529921784327e+00
6.776833597390277575e+00
6.689662897427384181e+00
6.649980541114192789e+00
6.604717272322675470e+00
6.537372640646038846e+00
6.348575173683148165e+00
6.242422469974792776e+00
6.144052226483104562e+00
6.146072462094124944e+00
6.088608594711342192e+00
5.796526128293852054e+00
5.543302240272661052e+00
5.493315884226513290e+00
nan
nan
nan
nan
nan
nan
nan
nan
nan
nan
nan
nan
nan
nan
nan
nan
nan
