0.000000000000000000e+00
5.377452793978974022e-01
1.315222963409959478e+00
2.216227627818268431e+00
2.797023760048647389e+00
3.813848041427669422e+00
4.756146335616395326e+00
5.670398023101463458e+00
6.402724432794336451e+00
7.305840647411068645e+00
7.582448533012685843e+00
5.386056786699301213e+00
5.555165085203973341e+00
7.030065889130995949e+00
7.930243400438397927e+00
6.073629623187498439e+00
4.435447638939448822e+00
4.327119753143977121e+00
5.891570490408365224e+00
6.967329946447732070e+00
8.064332618071698988e+00
8.050746112703444979e+00
7.313746474082461368e+00
6.382570726099261904e+00
5.565769354958663762e+00
4.811043618052237569e+00
4.624360091380497195e+00
4.483663247962248022e+00
4.908659162554836364e+00
5.740958704208386720e+00
6.002520200590868882e+00
6.542468704433259674e+00
5.881796850568683510e+00
5.712520047643348420e+00
5.475816069410153197e+00
5.125073566726733532e+00
4.877853253935202638e+00
4.485662906068727196e+00
3.774585101735883352e+00
4.367014327701998155e+00
5.661634746352024017e+00
6.325444792846623088e+00
5.354999062941999455e+00
3.956438307048603775e+00
3.678833503486403700e+00
3.113493344079424130e+00
2.239964287411821520e+00
1.589899574047906050e+00
1.457286740093070687e+00
1.782643406399819774e+00
2.078225515150655678e+00
1.658349987058871822e+00
7.938344563301202861e-01
8.735694274271192938e-01
1.904784682703967391e+00
2.027341455080535315e+00
3.061025983660063066e+00
2.654768068689051130e+00
1.344840503091509376e+00
8.905674216478924876e-01
1.303455032360700372e+00
2.222770863138370245e+00
3.107156602615287255e+00
2.994532886526244830e+00
2.514101727717539703e+00
2.064401698298221177e+00
1.480839096099143326e+00
1.397364326332737328e+00
1.174289130169054118e+00
1.081692980550300831e+00
7.856717258773944224e-01
7.352150918717992312e-01
7.479091812680671580e-01
9.687436108406544122e-01
1.609271030570253558e+00
2.647984358007293260e+00
5.592017259904364934e-01
1.072093145222564381e+00
2.159110837519645720e+00
3.766230190286302459e+00
4.373778236149653331e+00
4.292976601527799474e+00
4.626288125135129548e+00
4.641048430575090755e+00
4.547419712569442218e+00
4.714178912129073140e+00
4.683132647544242744e+00
4.320374614271049296e+00
3.702611940566308490e+00
3.210639421763620049e+00
3.164465511406557852e+00
3.384275541440967316e+00
4.152957144384730626e+00
4.904558656105008296e+00
5.351216896793600242e+00
5.320501733691818558e+00
5.656709118197488451e+00
5.920146912068940281e+00
6.532486138373997164e+00
6.822661358855439673e+00
7.056571841148548074e+00
7.479238182404277069e+00
7.784812900515509781e+00
8.088751499621308128e+00
7.761011871310264709e+00
7.085831481103795682e+00
6.709834927981230379e+00
6.331248794799661184e+00
6.125507563564225322e+00
5.737747089142029466e+00
5.764218799105895741e+00
5.448770371117447553e+00
5.162634913868302533e+00
4.784494368101359640e+00
4.483435116473165394e+00
4.261074951382500586e+00
4.129123106411999089e+00
3.780312100516681539e+00
3.566824023511218300e+00
3.322496533110676609e+00
3.210184668339449487e+00
2.958745566454787479e+00
2.531062949188603639e+00
2.256460647918229867e+00
1.757721657484509592e+00
1.400931401649375019e+00
1.385580262052544143e+00
2.247776147413690140e+00
3.183867814745569902e+00
4.022301633696466538e+00
4.130235573015122341e+00
3.956357080786862213e+00
3.995416926099425226e+00
3.974059050547893435e+00
3.682687001543730076e+00
3.463879395465927047e+00
3.419479453686767201e+00
3.262229279270325577e+00
3.175054040747344430e+00
3.150054102319680638e+00
3.076518116738030884e+00
2.861394754957316877e+00
2.772894926207669641e+00
2.575463870619197237e+00
2.495736168646121911e+00
2.545563782336381919e+00
2.436345319796549447e+00
2.425080366253524744e+00
2.369053717334757891e+00
2.262335210155065113e+00
2.037352676346959157e+00
1.636951382542640943e+00
1.569018913725830799e+00
1.673498234477435176e+00
1.558244865461823281e+00
1.489677440165912969e+00
1.635250347370025281e+00
1.883091511299976872e+00
1.742370444156932763e+00
1.823830849972249979e+00
1.967129813653404113e+00
2.123087132918080044e+00
2.134015710969780599e+00
1.855549973623702442e+00
1.685340726106858256e+00
1.750621200403504218e+00
1.699276209961677608e+00
1.587212372446753506e+00
1.503244328221750692e+00
1.546455601215825482e+00
1.417024298192472997e+00
1.150889216063102793e+00
1.167764772217768865e+00
1.262542784132495655e+00
1.402018227332540334e+00
1.280323250871497009e+00
1.096067307681988012e+00
1.228489517798799113e+00
1.200002922370060787e+00
1.289505681728581266e+00
1.656550259627028510e+00
2.004840014518183722e+00
2.437627266388243896e+00
2.488419872308529790e+00
2.268880961937568941e+00
1.794819870327209799e+00
1.189948093014084662e+00
8.478005465173055200e-01
2.719431684120188208e-01
4.357307840705928470e-01
4.425590708963795805e-01
4.096464017452277062e-01
4.289278602191153311e-01
3.560723929167366464e-01
4.187699989076385521e-01
3.378036207264685231e-01
4.720721658358399964e-01
3.999222486888562855e-01
3.030059223937726642e-01
4.818138587457525546e-01
5.325849148650476650e-01
7.825987600695363255e-01
8.817311247182466616e-01
6.714207259291562480e-01
5.299823815283417616e-01
4.190905386129912813e-01
3.524250965178339356e-01
4.221404583032750679e-01
4.679081089450889408e-01
5.277522069017948070e-01
5.127498126105862752e-01
9.854788528718749774e-01
1.526260195712346501e+00
1.750909914053075056e+00
1.740925680881730386e+00
1.599246412075803647e+00
1.487482225976037853e+00
1.603929396757127535e+00
1.636199115314106223e+00
1.822052011009869688e+00
1.819730410844332624e+00
1.742686557953241788e+00
1.715421208036254086e+00
1.730582366235253744e+00
1.681827788631093057e+00
1.452336653330359439e+00
1.123018331045766871e+00
8.661032874508798329e-01
5.316073276505193235e-01
5.628782902557887269e-01
7.907616177689185122e-01
1.014985609201961125e+00
1.255998677540890895e+00
1.307182112849179845e+00
1.233707893249189169e+00
1.472645031038979369e+00
1.626312912231295371e+00
1.650887011560758566e+00
1.669420079746544161e+00
1.712407624927283933e+00
1.786273372632312118e+00
1.814398354179338924e+00
2.007729087673535417e+00
2.364065766336246099e+00
2.902906023122234558e+00
3.733098240925279754e+00
4.489129509351602820e+00
5.142261349211249666e+00
5.378348436932114396e+00
5.465361238826169199e+00
5.572526057284946432e+00
5.618131843039819273e+00
5.831981218300196446e+00
5.941102014362904526e+00
6.041358038695388899e+00
6.335287781380035455e+00
6.877343522007677734e+00
6.931118064009186952e+00
7.263008671737932076e+00
7.862145880497404704e+00
8.053129942686155118e+00
7.648052713039845685e+00
7.077988516044705136e+00
5.970325821823866619e+00
5.500204934500654730e+00
5.652016276290307673e+00
6.295080225682074371e+00
6.873918673591099093e+00
7.244209120868255525e+00
7.233035430923692388e+00
7.276871020554548153e+00
7.497989098799084928e+00
7.635243641408770543e+00
7.862839758579493576e+00
8.192274529880581468e+00
8.685606353705235705e+00
8.220201869470308509e+00
8.180982249171410814e+00
8.547339596782911997e+00
8.813123147204564134e+00
9.007414134030526043e+00
8.690481238890185978e+00
7.488669236069490864e+00
5.439345992712745215e+00
4.638150957938186991e+00
4.430865096855637120e+00
4.290071601106120625e+00
4.242174053297162573e+00
4.139222270655139369e+00
3.943804267693067800e+00
3.756429252749967418e+00
3.712183611065960065e+00
3.731418317674666696e+00
3.743955648367602862e+00
3.731268529760185970e+00
3.536694436880324588e+00
3.421921608312942453e+00
3.214229479230759523e+00
3.081672271165402321e+00
3.116513604339090193e+00
3.070994736958411409e+00
3.127616730742140305e+00
3.106988481470118302e+00
3.227846039263241096e+00
3.284530153200535096e+00
3.314647721740037412e+00
3.333721106791998068e+00
2.923823740291304318e+00
2.706177861747363522e+00
2.710351593835113704e+00
2.728991699127902848e+00
2.726277719703283253e+00
2.712105904589058980e+00
2.702655791081674863e+00
2.682066901032222006e+00
2.631882097070899817e+00
2.601672255349235741e+00
nan
nan
nan
