0.000000000000000000e+00
5.377452793978974022e-01
1.315222963409959478e+00
2.216227627818268431e+00
2.797023760048647389e+00
3.813848041427669422e+00
4.756146335616395326e+00
5.670398023101463458e+00
6.402724432794336451e+00
7.305840647411068645e+00
7.582448533012685843e+00
5.386056786699301213e+00
5.555165085203973341e+00
7.401136997716340815e+00
8.301314509023741905e+00
6.423987492752261552e+00
4.785805508504208383e+00
4.677477622708736682e+00
6.347050382113097022e+00
8.212111128236827540e+00
9.337436633423031651e+00
9.295527294492540449e+00
8.558527655871557727e+00
7.627351907888358262e+00
6.810550536747760120e+00
6.055824799841333927e+00
5.869141273169593553e+00
5.728444429751344380e+00
6.153440344343932722e+00
6.985739885997483078e+00
7.247301382379965240e+00
7.787249886222356032e+00
7.126578032357779868e+00
6.957301229432443890e+00
6.720597251199249555e+00
6.369854748515829890e+00
6.122634435724298996e+00
5.730444087857823554e+00
5.019366283524979266e+00
5.611795509491094514e+00
6.906415928141120375e+00
7.628889660790121319e+00
6.610600603162294142e+00
5.201219488837699245e+00
4.923614685275499170e+00
4.358274525868520044e+00
3.484745469200917434e+00
2.834680755837001964e+00
2.702067921882166601e+00
3.027424588188915688e+00
3.323006696939751592e+00
2.903131168847967736e+00
2.038615638119216200e+00
2.118350609216215208e+00
3.149565864493063305e+00
5.799076154001648220e+00
7.278626952254997562e+00
6.865814505711705706e+00
5.555886940114163508e+00
4.587900478934628268e+00
4.252286366385213512e+00
3.465499790492799548e+00
2.772956462378450837e+00
2.877658361429037193e+00
3.224420531731500006e+00
3.571383026533130334e+00
4.012392720912408173e+00
4.072129503221259661e+00
4.221279859676746682e+00
4.281591028389380327e+00
4.510451195088801768e+00
4.946261528894453363e+00
4.958955618290721290e+00
5.179790047863308544e+00
5.885517283462142757e+00
7.318404999024415325e+00
1.313745480756704964e+01
1.378492985577646834e+01
1.153754569603783864e+01
9.930426343271182787e+00
9.322878297407832804e+00
9.403679932029685773e+00
9.070368408422353923e+00
9.055608102982393603e+00
9.149236820988043917e+00
8.982477621428412107e+00
9.013523886013244280e+00
9.376281919286439503e+00
9.994044592991180309e+00
1.048601711179386875e+01
1.053219102215091674e+01
1.031238099211650727e+01
9.543699389172743963e+00
8.792097877452466292e+00
8.345439636763874347e+00
8.376154799865684453e+00
8.039947415359986138e+00
7.776509621488548518e+00
7.164170395183477424e+00
6.873995174702034916e+00
6.640084692408926514e+00
6.217418351153197520e+00
5.911843633041964807e+00
5.607905033936166461e+00
5.935644662247209880e+00
6.610825052453678907e+00
6.986821605576244210e+00
7.365407738757813405e+00
7.571148969993249267e+00
7.958909444415445122e+00
7.932437734451578848e+00
8.247886162440027036e+00
8.534021619689172056e+00
8.912162165456114948e+00
9.213221417084309195e+00
9.435581582174974002e+00
9.567533427145475500e+00
9.916344433040821471e+00
1.012983251004628471e+01
1.037416000044682640e+01
1.048647186521805352e+01
1.073791096710271553e+01
1.116559358436889937e+01
1.144019588563927314e+01
1.247411163531703870e+01
1.283090189115217328e+01
1.284625303074900415e+01
1.198405714538785816e+01
1.104796547805597839e+01
1.020953165910508176e+01
1.010159771978642596e+01
1.027547621201468608e+01
1.023641636670212307e+01
1.025777424225365486e+01
1.054914629125781822e+01
1.076795389733562125e+01
1.081235383911478110e+01
1.096960401353122272e+01
1.105677925205420387e+01
1.108177919048186766e+01
1.115531517606351741e+01
1.137043853784422964e+01
1.145893836659387688e+01
1.165636942218234928e+01
1.173609712415542461e+01
1.168626951046516638e+01
1.179548797300500063e+01
1.180675292654802711e+01
1.186277957546679573e+01
1.196949808264648851e+01
1.219448061645459269e+01
1.259488191025891268e+01
1.266281437907572283e+01
1.255833505832411845e+01
1.267358842733972679e+01
1.274215585263563710e+01
1.259658294543152479e+01
1.234874178150157320e+01
1.248946284864461731e+01
1.240800244282930009e+01
1.226470347914814596e+01
1.210874615988347003e+01
1.209781758183176947e+01
1.237628331917784763e+01
1.254649256669469182e+01
1.248121209239804585e+01
1.253255708283987246e+01
1.264462092035479657e+01
1.272858896457979938e+01
1.268537769158572459e+01
1.281480899460907708e+01
1.308094407673845083e+01
1.306406852058378476e+01
1.296929050866905797e+01
1.282981506546901329e+01
1.295151004193005662e+01
1.313576598511956561e+01
1.300334377500275451e+01
1.303183037043149284e+01
1.294232761107297236e+01
1.257528303317452512e+01
1.222699327828336990e+01
1.179420602641330973e+01
1.174341342049302384e+01
1.196295233086398468e+01
1.243701342247434383e+01
1.307907329931991924e+01
1.384998713048453567e+01
1.447495099188734358e+01
1.472545404355708598e+01
1.470073909257099842e+01
1.431111397998453327e+01
1.429183252151064565e+01
1.436468798881302433e+01
1.430199038282212243e+01
1.450653313230827024e+01
1.471010075687028973e+01
1.459217436496122033e+01
1.441775445933598832e+01
1.423894652298400842e+01
1.418817546686471331e+01
1.393816162166022465e+01
1.383902925701151432e+01
1.404933965580060473e+01
1.419077800020141922e+01
1.430166984311676970e+01
1.444969084098535461e+01
1.454746940524620413e+01
1.462533258034087424e+01
1.468859575839341858e+01
1.463569509852006689e+01
1.373528152885788600e+01
1.319450018601741448e+01
1.296985046767668592e+01
1.297983470084803059e+01
1.312151396965395733e+01
1.323327815575372313e+01
1.311683098497263344e+01
1.308456126641565476e+01
1.289870837071989129e+01
1.290102997088542836e+01
1.297807382377651919e+01
1.300533917369350689e+01
1.299017801549450724e+01
1.303893259309866792e+01
1.326842372839940154e+01
1.359774205068399411e+01
1.385465709427888115e+01
1.418915305407924166e+01
1.445594022273255774e+01
1.481332281730766809e+01
1.518378343491925975e+01
1.556054354617711155e+01
1.562552213967863324e+01
1.547643837954854007e+01
1.583426051924168121e+01
1.606331380348833093e+01
1.608840392218169413e+01
1.610076420968734112e+01
1.617058338990983302e+01
1.629126906387666551e+01
1.634495784260287365e+01
1.664883616208924266e+01
1.708482614806600708e+01
1.762366640485199554e+01
1.845385862265504073e+01
1.920988989108136380e+01
1.986302173094101065e+01
2.009910881866187538e+01
2.018612162055593018e+01
2.029328643901470741e+01
2.033889222476958025e+01
2.055274160002995743e+01
2.066186239609266551e+01
2.076211842042514988e+01
2.105604816310979643e+01
2.159810390373743871e+01
2.165187844573894793e+01
2.198376905346769306e+01
2.258290626222716568e+01
2.277389032441591610e+01
2.236881309476960666e+01
2.179874889777446612e+01
2.069108620355362760e+01
2.022096531623041571e+01
2.037277665802006865e+01
2.101584060741183535e+01
2.159467905532086007e+01
2.196496950259801650e+01
2.195379581265345337e+01
2.199763140228430913e+01
2.221874948052884591e+01
2.235600402313853152e+01
2.258360014030925456e+01
2.341927936814608913e+01
2.393717195872336490e+01
2.347176747448843770e+01
2.343254785418954000e+01
2.392352506267410206e+01
2.418930861309575420e+01
2.438359959992171611e+01
2.406666670478137604e+01
2.286485470196068093e+01
2.081553145860393528e+01
2.001433642382937705e+01
1.980705056274682718e+01
1.966625706699731069e+01
1.961835951918835264e+01
1.951540773654632943e+01
1.931998973358425786e+01
1.913261471864115748e+01
1.908836907695715368e+01
1.910760378356585321e+01
1.912014111425878937e+01
1.910745399565137248e+01
1.891287990277151110e+01
1.879810707420412541e+01
1.859041494512194248e+01
1.845785773705657817e+01
1.849269907023026249e+01
1.844718020284958726e+01
1.850380219663331260e+01
1.848317394736128350e+01
1.860403150515440274e+01
1.866071561909170029e+01
1.869083318763119905e+01
1.870990657268316326e+01
1.830000920618246596e+01
1.807110512251011869e+01
1.807628527040274946e+01
1.810424134567879051e+01
1.807718108741148555e+01
1.804842789186128726e+01
1.802835455562873079e+01
1.797312611645056535e+01
1.791253014131316945e+01
1.784219579236903286e+01
nan
nan
nan
