0.000000000000000000e+00
5.377452793978974022e-01
1.315222963409959478e+00
2.216227627818268431e+00
2.797023760048647389e+00
3.813848041427669422e+00
4.756146335616395326e+00
5.670398023101463458e+00
6.402724432794336451e+00
7.305840647411068645e+00
7.582448533012685843e+00
5.386056786699301213e+00
5.555165085203973341e+00
7.215601443423667938e+00
8.115778954731069916e+00
6.248808557969878663e+00
4.610626573721829047e+00
4.502298687926356457e+00
6.119310436260731123e+00
7.589720537342279805e+00
8.686723208966247611e+00
8.673136703597993602e+00
7.936137064977009103e+00
7.004961316993810527e+00
6.188159945853211497e+00
5.433434208946786192e+00
5.246750682275045818e+00
5.106053838856796645e+00
5.531049753449384099e+00
6.363349295102935343e+00
6.624910791485417505e+00
7.164859295327808297e+00
6.504187441463232133e+00
6.334910638537896155e+00
6.098206660304694715e+00
5.747464157621275049e+00
5.500243844829743267e+00
5.108053496963268714e+00
4.396975692630424426e+00
4.989404918596539673e+00
6.284025337246564646e+00
6.960696324768434806e+00
5.977389653836540973e+00
4.578828897943145293e+00
4.301224094380945218e+00
3.735883934973965204e+00
2.862354878306362593e+00
2.212290164942447124e+00
2.079677330987611761e+00
2.405033997294360848e+00
2.700616106045196751e+00
2.280740577953412895e+00
1.416225047224661360e+00
1.495960018321660367e+00
2.527175273598508465e+00
3.913208804541084884e+00
5.166549202171383470e+00
4.760291287200371535e+00
3.450363721602830225e+00
2.482377260423294985e+00
2.146763147873880229e+00
1.359976571981466265e+00
6.674332438671175538e-01
7.721351429177039094e-01
1.118897313220166723e+00
1.465859808021797051e+00
1.906869502401074890e+00
1.966606284709926378e+00
2.115756641165413399e+00
2.176067809878047044e+00
2.404927976577468485e+00
2.840738310383120080e+00
2.853432399779388007e+00
3.074266829351975261e+00
3.714794249081574407e+00
4.795954634723100796e+00
6.289126540788298136e+00
6.936601588997718615e+00
4.786546509649126868e+00
3.522423188610783740e+00
3.020336459504158633e+00
3.108542322987024598e+00
2.806264520705112453e+00
2.810458813255446664e+00
2.867722198838486669e+00
2.727001307862554569e+00
2.755681713627001983e+00
3.035530298139113015e+00
3.491915244067296697e+00
3.840858137441662379e+00
3.858149595455868663e+00
3.690827192466882067e+00
3.120712819685113715e+00
2.537979697154526093e+00
2.203051056851691669e+00
2.200918239913001173e+00
1.983653221171913117e+00
1.760091519965014228e+00
1.299573617305712858e+00
1.067307760980256148e+00
8.562650821721256023e-01
6.309099156255566498e-01
9.364846337367893625e-01
1.240423232842587709e+00
9.126836045315442902e-01
7.628411955709299974e-01
1.047260846548978108e+00
1.312138667576391526e+00
1.479200810207203176e+00
1.741015249624906502e+00
1.683765329456143434e+00
1.886635405325508330e+00
2.112619746635830964e+00
2.384227562109257903e+00
2.616618950336011551e+00
2.775636994752664677e+00
2.880293122163584130e+00
3.134965088999893013e+00
3.305716741222486377e+00
3.525831733668043810e+00
3.638143598439270932e+00
3.889582700323932940e+00
4.317265317590116780e+00
4.591867618860490552e+00
5.358194988916233470e+00
5.714985244751368043e+00
5.730336384348198919e+00
4.868140498987052922e+00
3.932048831655173160e+00
3.254053082944437847e+00
3.182550304987756817e+00
3.296882882057639463e+00
3.254579550835963175e+00
3.275089060613543879e+00
3.490064434107475577e+00
3.652037250934816015e+00
3.696437192713975861e+00
3.853687367130417485e+00
3.940862605653398631e+00
3.965862544081062424e+00
4.039398529662712178e+00
4.254521891443424408e+00
4.343021720193071644e+00
4.540452775781544048e+00
4.620180477754619375e+00
4.570352864064361142e+00
4.679571326604195391e+00
4.690836280147221871e+00
4.746862929065990500e+00
4.853581436245683278e+00
5.078563970053789234e+00
5.478965263858107448e+00
5.546897732674917592e+00
5.442418411923313215e+00
5.557671780938925110e+00
5.626239206234835422e+00
5.480666299030723110e+00
5.232825135100771519e+00
5.373546202243815628e+00
5.292085796428498412e+00
5.148786832747344278e+00
4.992829513482668347e+00
4.981900935430967792e+00
5.260366672777045949e+00
5.430575920293890135e+00
5.365295445997244173e+00
5.416640436439070783e+00
5.528704273953994885e+00
5.612672318178997699e+00
5.569461045184922909e+00
5.698892348208275394e+00
5.965027430337645598e+00
5.948151874182979526e+00
5.853373862268252736e+00
5.713898419068208057e+00
5.835593395529251382e+00
6.019849338718760379e+00
5.887427128601949278e+00
5.915913724030687604e+00
5.826410964672167125e+00
5.459366386773719881e+00
5.111076631882564669e+00
4.678289380012504495e+00
4.627496774092218601e+00
4.847035684463179450e+00
5.321096776073538592e+00
5.944562603152888869e+00
6.501093291983586653e+00
7.114570801022434665e+00
7.365073852692177070e+00
7.340358901706089512e+00
6.950733789119624362e+00
6.931452330645736737e+00
7.004307797948115422e+00
6.941610191957213516e+00
7.146152941443361328e+00
7.349720566005380817e+00
7.231794174096311423e+00
7.057374268471079404e+00
6.878566332119099513e+00
6.827795275999804403e+00
6.577781430795315742e+00
6.478649066146605406e+00
6.688959464935695820e+00
6.830397809336510306e+00
6.941289652251860787e+00
7.089310650120445700e+00
7.187089214381295221e+00
7.264952389475965333e+00
7.328215567528509666e+00
7.275314907655157981e+00
6.374901337992977091e+00
5.834119995152505567e+00
5.609470276811777012e+00
5.619454509983121682e+00
5.761133778789048421e+00
5.872897964888814215e+00
5.756450794107724533e+00
5.724181075550745845e+00
5.538328179854982380e+00
5.540649780020519444e+00
5.617693632911610280e+00
5.644958982828597982e+00
5.629797824629598324e+00
5.678552402233759011e+00
5.908043537534492629e+00
6.237361859819085197e+00
6.494276903413972235e+00
6.828772863214332745e+00
7.095560031867648831e+00
7.452942626442759178e+00
7.823403244054350836e+00
8.200163355312202640e+00
8.265141948813724326e+00
8.116058188683631158e+00
8.473880328376772297e+00
8.702933612623422022e+00
8.728023731316785216e+00
8.740384018822432211e+00
8.810203199044924105e+00
8.930888873011756601e+00
8.984577651737964743e+00
9.288455971224333751e+00
9.724445957201098167e+00
1.026328621398708663e+01
1.109347843179013182e+01
1.184950970021645489e+01
1.250264154007610173e+01
1.273872862779696646e+01
1.282574142969102127e+01
1.293290624814979850e+01
1.297851203390467134e+01
1.319236140916504851e+01
1.330148220522775659e+01
1.340173822956024097e+01
1.369566797224488752e+01
1.423772371287252980e+01
1.429149825487403902e+01
1.462338886260278414e+01
1.522252607136225677e+01
1.541351013355100719e+01
1.500843290390469775e+01
1.443836870690955720e+01
1.333070601268871869e+01
1.286058512536550680e+01
1.301239646715515974e+01
1.365546041654692644e+01
1.423429886445595116e+01
1.460458931173310759e+01
1.459341562178854446e+01
1.463725121141940022e+01
1.485836928966393700e+01
1.499562383227362261e+01
1.522321994944434564e+01
1.580577694901330688e+01
1.631138915621427188e+01
1.584598467197934468e+01
1.580676505168044699e+01
1.623543232972847861e+01
1.650121588015013074e+01
1.669550686697609265e+01
1.637857397183575259e+01
1.517676196901505747e+01
1.312743872565831182e+01
1.232624369088375360e+01
1.211895782980120373e+01
1.197816433405168723e+01
1.193026678624272918e+01
1.182731500360070598e+01
1.163189700063863441e+01
1.144452198569553403e+01
1.140027634401153023e+01
1.141951105062022975e+01
1.143204838131316592e+01
1.141936126270574903e+01
1.122478716982588764e+01
1.111001434125850196e+01
1.090232221217631903e+01
1.076976500411095472e+01
1.080460633728463904e+01
1.075908746990396381e+01
1.081570946368768915e+01
1.079508121441566004e+01
1.091593877220878284e+01
1.097262288614607684e+01
1.100274045468557915e+01
1.102181383973753981e+01
1.061191647323684606e+01
1.038301238956450590e+01
1.038819253745713667e+01
1.041614861273317416e+01
1.038908835446586920e+01
1.036033515891567447e+01
1.034026182268311800e+01
1.028503338350495255e+01
1.022443740836755666e+01
1.015410305942342006e+01
nan
nan
nan
