0.000000000000000000e+00
8.537472419429041615e-02
2.761587261968161955e-01
1.203320601965238046e+00
2.240623697531224590e+00
2.435439030023796025e+00
2.197464182222500728e+00
1.841823094285808038e+00
1.833575498072190335e+00
2.398559196158353668e+00
3.154598121532085742e+00
4.153861073650757518e+00
4.937735186583621427e+00
5.752847037402283092e+00
5.761260565904128939e+00
4.801835266675441360e+00
4.525260613764094053e+00
5.202840035402455321e+00
6.348091822311923593e+00
7.461405233584319951e+00
5.880562168811824364e+00
2.812096310821605161e-01
2.053875937792353668e+00
1.551066525029675791e+00
6.414126362528007608e-01
7.826131995136389463e-01
1.170589309888370622e+00
1.106716399163989006e+00
1.716895869217825998e+00
2.425721261865975809e+00
2.909965288213163248e+00
4.000124279539876149e+00
5.210968587897187199e+00
6.320573553349104756e+00
5.555509653808048398e+00
3.272282558421371057e+00
4.459495543408578122e-01
7.725335541901882763e+00
1.024060428117012655e+01
1.106280118914509814e+01
1.016696964520912694e+01
9.733446201719418767e+00
9.948731918349324133e+00
1.020831822842027847e+01
1.056867817572066315e+01
1.018496035221843776e+01
8.894451708095008513e+00
7.571152700303432681e+00
6.847801746963656733e+00
5.917714368115581713e+00
4.798991441033057193e+00
3.436811615648522888e+00
2.689350025210543116e+00
2.635589251533613009e+00
2.491400658282481473e+00
1.782981154847400163e+00
1.045566243163539077e+00
4.390786641894481868e-01
1.563637654903771601e+00
1.983044198364449340e+00
1.708132574497101874e+00
1.016886827224642076e+00
6.363701239336170268e-01
1.491105684434130829e+00
2.078953425519770803e+00
3.987519945921488951e+00
4.487031937548014326e+00
4.389086173335125629e+00
3.911233523831280756e+00
3.632847578676795308e+00
3.415314392003143684e+00
2.906130878071037316e+00
2.151956419917618213e+00
7.591442863627704263e-01
1.224068359116307736e+00
1.010085969674503481e+00
1.419591802636282374e+00
8.453317095327728126e-01
1.211681257359009223e+00
8.365464338595058891e-01
9.991009815655900184e-01
1.324731087872441648e+00
1.598140360967906126e+00
2.225346641657600877e+00
1.953486815176008307e+00
6.151690487079246594e-01
1.223023983244292623e+00
1.175439478690893935e+00
6.991105352239319615e-01
4.666188904771484403e-01
1.204461609530342869e+00
1.746865153724888486e+00
2.070088151822706557e+00
3.310811894609584805e+00
4.810913097703024555e+00
6.329705174179661498e+00
6.444482063428916163e+00
5.643132265053040442e+00
4.862631136520954911e+00
3.120568363713753790e+00
2.176119675999983016e+00
2.745593460300182365e+00
4.091175209996374740e+00
5.522956594393829022e+00
3.741286253984748456e+00
1.569255056736899689e+00
1.775748229405365919e+00
5.861396037147597937e+00
8.075319914568213520e+00
7.489453376107759297e+00
6.609536028001299357e+00
4.979724885407758705e+00
4.491467909974542039e+00
5.488051583190783234e+00
5.393162276505432118e+00
4.381852155170765428e+00
3.628799636235246595e+00
3.403391753871956027e+00
1.955573007770128768e+00
7.818512847180176806e-01
1.281480618335624655e+00
1.790807839384541467e+00
6.087638112954572023e+00
8.195196809423842765e+00
7.940286840954463798e+00
6.327169552764736693e+00
5.347846895840785209e+00
5.929923956911828498e+00
6.176852788922502668e+00
6.963655112012290260e+00
8.777599174286850214e+00
1.205592117614816949e+01
1.186028599065475753e+01
1.132197475011832921e+01
9.812309346956430645e+00
8.303021505588048967e+00
6.723116780570963513e+00
6.245581515611458912e+00
6.558909046178367674e+00
5.903745725177692805e+00
5.296228454916832362e+00
4.055705894978174797e+00
2.523645723495326010e+00
1.881844257995437530e+00
5.608736103564357478e+00
8.871283487613942143e+00
8.969961346738589469e+00
7.257079778960152439e+00
5.695348211642546232e+00
6.639672575129248244e+00
6.333220636198331732e+01
