0.000000000000000000e+00
8.537472419429041615e-02
2.761587261968161955e-01
1.317053423843012938e+00
2.404514165052427099e+00
2.599329497544998535e+00
2.361354649743703238e+00
2.005713561807010770e+00
1.997465965593393067e+00
2.562449663679556622e+00
3.318488589053288695e+00
4.317751541171960028e+00
5.101625654104824825e+00
5.916737504923486490e+00
5.925151033425333225e+00
4.965725734196645647e+00
4.689151081285298339e+00
5.366730502923660495e+00
7.817323354616194209e+00
1.228005363356160373e+01
1.069921056878910903e+01
4.780765613709375472e+00
3.172634617787173816e+00
3.645660986204938947e+00
4.483961061020990790e+00
5.323423190415581097e+00
5.711399300790312772e+00
5.647526390065930713e+00
6.257705860119767927e+00
6.966531252767918403e+00
7.450775279115105398e+00
1.020022259478428772e+01
1.593608145142669485e+01
1.971979557746968226e+01
1.891763756152124998e+01
1.642956759395077881e+01
1.348530053143017327e+01
6.072645679228687143e+00
3.770486611762372764e+00
2.985894420499898061e+00
3.818299546018004698e+00
4.239726598498596566e+00
4.060979033139008543e+00
3.833345285616784892e+00
3.512011416464235758e+00
3.874258804621022900e+00
5.047990936095721359e+00
6.250352506447147682e+00
6.902844206153122997e+00
7.742292914718021279e+00
8.794768254549191866e+00
1.033682504237338406e+01
1.108428663281136473e+01
1.113804740648829572e+01
1.128223599973943436e+01
1.199065550317450857e+01
1.272807041485836876e+01
1.394559466930578218e+01
1.522351957184153015e+01
1.569350402686993640e+01
1.532182378296125336e+01
1.451185530703537374e+01
1.313726653408829925e+01
1.228253097358778589e+01
1.169468323250214503e+01
9.952506006568977881e+00
9.524113193798898536e+00
9.613989384504726843e+00
1.000600951496934243e+01
1.025498325617144779e+01
1.045449977329360713e+01
1.091989939638036944e+01
1.162168023810429673e+01
1.301449237165914496e+01
1.459191529304030155e+01
1.278230060375317834e+01
1.237279477079140122e+01
1.294705486389491078e+01
1.258070531606867348e+01
1.295584013956817770e+01
1.424968490075406891e+01
1.461827811196562266e+01
1.493625826931443967e+01
1.567178949287223588e+01
1.540131581526097548e+01
1.317721752471975805e+01
1.260194544768073044e+01
1.268756420524189465e+01
1.309327603820375074e+01
1.332576768295053427e+01
1.437014533106512104e+01
1.501808491856002092e+01
1.541427528392573443e+01
1.706379294935140223e+01
1.961064944847521119e+01
2.130992533756763052e+01
2.142470222681688341e+01
2.062335242844100947e+01
1.984285129990893637e+01
1.785324636234807727e+01
1.670326794859103359e+01
1.735137519643413739e+01
2.179548887905147936e+01
2.429966770945966203e+01
2.229875982016757519e+01
1.720745605832894753e+01
1.700096288566044933e+01
1.318007103124570634e+01
1.147281117706123865e+01
1.196599728875517954e+01
1.267870841209027688e+01
1.408304877913307251e+01
1.449308361763488762e+01
1.376812685321830365e+01
1.387312378019526449e+01
1.467907495694763043e+01
1.526397002558034899e+01
1.548859633467652053e+01
1.693641508077834601e+01
2.055225783293757402e+01
2.118200212314344810e+01
1.909202414559918992e+01
1.494214357406227300e+01
1.338048267682886561e+01
1.357415213892251593e+01
1.507853574207485003e+01
1.585766239585529469e+01
1.540461344565095381e+01
1.519938824313367753e+01
1.459432662271997039e+01
1.317799435835689437e+01
1.063719550739066122e+01
1.079479759947785311e+01
1.121648221289287939e+01
1.246954926672120045e+01
1.373729994071746319e+01
1.493417000668813621e+01
1.528316825161283177e+01
1.502132157855569616e+01
1.556881860894269920e+01
1.617633587920355964e+01
1.741685843914221721e+01
1.932718542440218812e+01
1.996898688990207660e+01
1.624209504433315487e+01
1.361360968952743811e+01
1.352857515046733283e+01
2.057664870856337558e+01
2.835227674418495170e+01
2.740795238069824791e+01
1.625502903896939415e+02
