0.000000000000000000e+00
8.537472419429041615e-02
2.761587261968161955e-01
1.089587780087462932e+00
2.076733230010021636e+00
2.271548562502592628e+00
2.033573714701297774e+00
1.677932626764605084e+00
1.669685030550987603e+00
2.234668728637150714e+00
2.990707654010883232e+00
3.989970606129554564e+00
4.773844719062418918e+00
5.588956569881080583e+00
5.597370098382927317e+00
4.637944799154239739e+00
4.361370146242892432e+00
5.038949567881254588e+00
4.930693988030137476e+00
2.814884864079794102e+00
1.303528001322798557e+00
5.099858031059444130e+00
6.872524337769638336e+00
6.369714925006960016e+00
5.460061036230085207e+00
4.554308227538460763e+00
4.152550376400482968e+00
4.244207601475538993e+00
3.586620975988274118e+00
2.833718291131342326e+00
2.331774502739407673e+00
2.889195919586309280e+00
6.038010475034774061e+00
7.461243498220083481e+00
8.263401514168513984e+00
1.075147148173898870e+01
1.369573854425959603e+01
2.131585507974677896e+01
2.383112381901501209e+01
2.465332072698999255e+01
2.375748918305401602e+01
2.332396573956431141e+01
2.353925145619421855e+01
2.379883776626517289e+01
2.415919771356555756e+01
2.377547989006333395e+01
2.248497124593990293e+01
2.116491239588570394e+01
2.044156144254592533e+01
1.951147406369784321e+01
1.839275113661533467e+01
1.721044827367046537e+01
1.646298668323248648e+01
1.640922590955555549e+01
1.626503731630440797e+01
1.555661781286932843e+01
1.481920290118546646e+01
1.360167864673806193e+01
1.232375374420232106e+01
1.185376928917390771e+01
1.222544953308259785e+01
1.303541800900847036e+01
1.441000678195554485e+01
1.526474234245605999e+01
1.585259008354169907e+01
1.776115660394341944e+01
1.826066859556994260e+01
1.816272283135705479e+01
1.768487018185320991e+01
1.740648423669872358e+01
1.718895105002507151e+01
1.667976753609296736e+01
1.592559307793954559e+01
1.453278094438469914e+01
1.299285785381507807e+01
1.480247254310219951e+01
1.521197837606397840e+01
1.463771828296046884e+01
1.500406783078670614e+01
1.462893300728720192e+01
1.333508824610131072e+01
1.296649503488975697e+01
1.264851487754093995e+01
1.191298365398314374e+01
1.218345733159440414e+01
1.440755562213562158e+01
1.501541055667198776e+01
1.496782605211858908e+01
1.449149710865162888e+01
1.425900546390484536e+01
1.321462781579025858e+01
1.256668822829535870e+01
1.217049786292964519e+01
1.077935070908407411e+01
9.988823253069174513e+00
8.650514989208319960e+00
8.535738099959079506e+00
9.337087898334983649e+00
1.011758902686708339e+01
1.210719396442795670e+01
1.325717237818498617e+01
1.260906513034188592e+01
1.373281859234601399e+01
1.325375452067204307e+01
1.525466240996414413e+01
2.034596617180277178e+01
2.055245934447123801e+01
2.463810715221347181e+01
2.685203102963408739e+01
2.626616449117363317e+01
2.538624714306717323e+01
2.387171297395629210e+01
2.338345599852307544e+01
2.438003967173931841e+01
2.428515036505396552e+01
2.327384024371929883e+01
2.252078772478377999e+01
2.229537984242048765e+01
2.084756109631866394e+01
2.121340613702994204e+01
2.058366184682406441e+01
2.267363982436832970e+01
2.697047009793836025e+01
2.907802879440762922e+01
2.882311882593825203e+01
2.753267884446087521e+01
2.655335618753692017e+01
2.713543324860796702e+01
2.738236208061864119e+01
2.816916440370842878e+01
2.998310846598298696e+01
3.326143046784430624e+01
3.306579528235089072e+01
3.252748404181446773e+01
3.114082357425864700e+01
2.977558583970849782e+01
2.819568111469141058e+01
2.771814584973190776e+01
2.803147338029881652e+01
2.737631005929814165e+01
2.676879278903727766e+01
2.552827022909862364e+01
2.437447687139289343e+01
2.373267540589301206e+01
2.745956725146193023e+01
3.072211463551151667e+01
3.082079249463616222e+01
3.509080826648374085e+01
3.974297316747010456e+01
4.068729753095680479e+01
2.302899361400861835e+02
