0.000000000000000000e+00
1.056276594600671914e-01
3.968481142922771765e-01
7.526757851875277572e-01
1.052125168193866811e+00
1.462667668898026907e+00
1.887261244499395474e+00
2.211448462450448904e+00
2.624045549110973319e+00
2.869726487688818661e+00
2.582399471336923824e+00
2.402120469529140045e+00
2.072156134129509386e+00
1.540413180499528689e+00
1.770906944271727901e-01
1.771981111277589616e-01
4.060924312181070639e-01
7.241705590932825398e-01
9.624573193458942910e-01
1.406475257524131939e+00
1.895731411895909879e+00
2.548145430383724985e+00
3.250986960691252925e+00
4.056503704941309074e+00
4.794777118964590024e+00
5.231528295312531718e+00
5.166312816141416242e+00
5.237705148435566116e+00
5.099474111086702344e+00
5.647138048868741933e+00
6.460835254129080774e+00
7.447401798582143684e+00
8.360604012411791075e+00
9.287911335821405601e+00
1.028651054463686165e+01
1.061829828421812039e+01
1.158272662316850621e+01
1.241123136403484395e+01
1.015059625677244526e+01
1.115490379491066975e+01
7.779299565404507177e+00
3.541627427312697307e+01
4.712517388499591675e+01
4.964949934298471135e+01
5.878756801408786004e+01
6.045964157300983288e+01
6.342194676788744800e+01
7.130318054327916855e+01
7.276081143236339699e+01
7.348051214640481987e+01
7.321231278916830831e+01
7.242410548688754091e+01
7.157609801021058615e+01
7.085015830747947518e+01
7.011340464165050435e+01
6.975867966212288707e+01
6.969134707859528532e+01
6.985424802159701585e+01
7.025688805499903822e+01
7.010136174215878668e+01
2.902869481645036558e+02
