0.000000000000000000e+00
1.056276594600671914e-01
3.968481142922771765e-01
7.526757851875277572e-01
1.052125168193866811e+00
1.386082015108609733e+00
1.810675590709978522e+00
2.134862808661031508e+00
2.547459895321555923e+00
2.793140833899401265e+00
2.505813817547506872e+00
2.325534815739723093e+00
1.995570480340091990e+00
1.463827526710111293e+00
1.873405859609258151e-01
2.500551359574727517e-01
3.295067774286897233e-01
6.475849053038651437e-01
8.858716655564768949e-01
1.329889603734714543e+00
1.669420854892530892e+00
2.256645588396877677e+00
2.895878273502508815e+00
3.474827609174380161e+00
4.213101023197662442e+00
4.649852199545604137e+00
4.584636720374489549e+00
4.656029052668639423e+00
4.517798015319775651e+00
5.065461953101815240e+00
5.879159158362154081e+00
6.537324508249293231e+00
6.765712552560319892e+00
7.677105930981653614e+00
8.675705139797109666e+00
9.007492879378368400e+00
9.564549589429123699e+00
1.039305433029546322e+01
8.132419223033064526e+00
6.471808774935581710e+00
7.696309727870348283e+00
4.009936929310205755e+01
5.180826890497100123e+01
5.433259436295979583e+01
6.347066303406294452e+01
6.514273659298491737e+01
6.810504178786253249e+01
7.598627556325423882e+01
7.744390645233846726e+01
7.816360716637989015e+01
7.789540780914337859e+01
7.710720050686261118e+01
7.625919303018565643e+01
7.553325332745454546e+01
7.479649966162557462e+01
7.444177468209795734e+01
7.437444209857035560e+01
7.453734304157208612e+01
7.493998307497410849e+01
7.478445676213385696e+01
3.096936697436300960e+02
