0.000000000000000000e+00
1.056276594600671914e-01
3.968481142922771765e-01
7.526757851875277572e-01
1.052125168193866811e+00
1.539253322687443859e+00
1.963846898288812204e+00
2.288034116239865856e+00
2.700631202900389827e+00
2.946312141478235613e+00
2.658985125126341220e+00
2.478706123318556998e+00
2.148741787918925894e+00
1.616998834288945197e+00
2.536763482165892980e-01
2.402725872381232530e-01
4.826780850075226281e-01
8.007562128826981596e-01
1.039042973135309911e+00
1.483060911313547559e+00
2.164420959058253047e+00
2.839645272370570961e+00
3.606095647879994814e+00
4.638179800708234879e+00
5.376453214731515828e+00
5.813204391079457523e+00
5.747988911908343823e+00
5.819381244202492809e+00
5.681150206853629037e+00
6.228814144635668626e+00
7.042511349896007466e+00
8.357479088914994136e+00
9.955495472263264034e+00
1.089871674066115759e+01
1.189731594947661364e+01
1.222910368905787237e+01
1.360090365690788872e+01
1.442940839777422646e+01
1.216877329051182777e+01
1.583799881488575956e+01
7.862289402938666072e+00
3.073317925315187438e+01
4.244207886502081806e+01
4.496640432300959844e+01
5.410447299411275424e+01
5.577654655303471998e+01
5.873885174791234931e+01
6.662008552330405564e+01
6.807771641238826987e+01
6.879741712642970697e+01
6.852921776919319541e+01
6.774101046691242800e+01
6.689300299023547325e+01
6.616706328750436228e+01
6.543030962167539144e+01
6.507558464214777416e+01
6.500825205862017242e+01
6.517115300162190294e+01
6.557379303502392531e+01
6.541826672218368799e+01
2.712070078632662558e+02
