0.000000000000000000e+00
2.426683008580135803e-01
3.317787367448893354e-01
1.717515409253834058e+00
2.261373863646757076e+00
6.470426705096971043e-01
3.446687885794967876e+00
4.825472331649545588e+00
4.237335004656618054e+00
3.053534267541322844e+00
2.680313136504327787e+00
1.622075757042513722e+00
2.050190362566765845e-01
6.186606738371457359e-01
1.438064742638265059e-01
7.366749823511086204e-01
3.528749745453863440e+00
1.299250409829893482e-01
2.342678230591580313e+00
1.433657275599816261e+00
1.904117191576279788e+00
3.020975026969427102e+00
8.322103059683962911e+00
7.248189645662008296e+00
6.346244304115237433e+00
5.863687492007529478e+00
6.376494431804109020e+00
6.652273734497691215e+00
5.628936813128468941e+00
4.594350239125176927e+00
4.278542576229861005e+00
7.265944532293787006e+00
7.619686467979541966e+00
7.616611196874676359e+00
7.150031739574931322e+00
6.855345308174324970e+00
6.267085419892442388e+00
5.884928973312422151e+00
5.679204113764036777e+00
5.433492048127632756e+00
2.949229776579559825e+01
