0.000000000000000000e+00
1.523867898092261308e+00
1.252636611979343506e+00
1.566030917900928798e-01
2.205121303495046481e-01
2.955684563369022744e+00
1.004787887224754961e+01
1.276751489790797223e+01
1.246189967674395405e+01
1.126935347315832914e+01
1.111253561106228460e+01
1.004414934307894036e+01
8.873243347892639576e+00
8.295345039084246253e+00
9.454401749784864251e+00
9.178874422045186776e+00
8.127580698571803097e+00
1.454911201169068136e+01
1.964344088130955868e+01
1.882254660802439261e+01
1.991121197165349699e+01
2.194343179432189928e+01
2.983382147157163899e+01
2.877997726213661522e+01
2.785665000906951860e+01
2.747562823273378640e+01
2.825896515825204958e+01
2.867215885992282765e+01
2.771435197494627189e+01
2.686306677407931787e+01
2.665073567592334314e+01
3.052354434118354476e+01
3.127386780451637449e+01
3.147044603655756134e+01
3.112569642689345173e+01
3.095887110051939572e+01
3.046055519958731850e+01
3.018975049181916859e+01
3.016608167754145597e+01
3.013918472038126595e+01
1.362177807988373957e+02
