0.000000000000000000e+00
1.523867898092261308e+00
1.252636611979343506e+00
7.552791150247941676e-01
4.091100328397209163e-01
3.555638898901165579e+00
1.064783320777969067e+01
1.336746923344011329e+01
1.306057569997865464e+01
1.197073480441111037e+01
1.181391694231506762e+01
1.074553067433172338e+01
9.930821708110443069e+00
9.352923399302049745e+00
1.051198011000266597e+01
1.023645278226298849e+01
1.227890939538513670e+01
1.870044070850401141e+01
2.379476957812288873e+01
2.297387530483772267e+01
2.405196535910323163e+01
2.607506069574840168e+01
3.393907766270636728e+01
3.296211302345093941e+01
3.203878577038384634e+01
3.165776399404811414e+01
3.244110091956637376e+01
3.285429462123715183e+01
3.201753394109008610e+01
3.144576919805901838e+01
3.123343809990304365e+01
3.510624676516324882e+01
3.585657022849606790e+01
3.605314846053725830e+01
3.570839885087314514e+01
3.554157352449909268e+01
3.504325762356701546e+01
3.477245291579886555e+01
3.474878410152115293e+01
3.472188714436096291e+01
1.572494519182942838e+02
