0.000000000000000000e+00
2.426683008580135803e-01
3.317787367448893354e-01
1.445669646382418128e+00
1.989528100775341146e+00
3.751969076382816182e-01
3.717954431614176158e+00
5.096738877468754758e+00
4.508601550475827224e+00
3.324800813360531571e+00
2.951579682323536513e+00
1.893342302861722226e+00
7.224363076754215518e-01
1.085710210935736109e-01
4.599046550821094259e-01
2.265853296075329149e-01
1.271434512742863010e+00
2.286287933492007429e+00
4.628506623694244482e+00
3.719485668702480652e+00
4.189945584678944179e+00
5.306803420072091271e+00
1.057941829239495846e+01
9.525574082959934685e+00
8.623628741413163823e+00
8.141071929305455868e+00
8.653878869102035409e+00
8.929658171795617605e+00
7.971851286819061855e+00
7.120566085952110491e+00
6.804758423056794570e+00
9.792160379120721458e+00
1.014590231480647553e+01
1.014282704370160992e+01
9.676247586401863998e+00
9.381561155001257646e+00
8.793301266719375064e+00
8.411144820139355716e+00
8.205419960590971229e+00
7.959707894954566321e+00
3.998804930195184681e+01
