0.000000000000000000e+00
2.426683008580135803e-01
3.317787367448893354e-01
1.173823883511002197e+00
1.717682337903924772e+00
1.033511447668652161e-01
3.989220977433386661e+00
5.368005423287963040e+00
4.779868096295035507e+00
3.596067359179739853e+00
3.222846228142744796e+00
2.164608848680930731e+00
1.239853579094166491e+00
5.265632422991799455e-01
9.773219265008543655e-01
3.843437625586469952e-01
1.101461160769180880e+00
4.572116326594668045e+00
6.914335016796905542e+00
6.005314061805141712e+00
6.475773977781605240e+00
7.592631813174752331e+00
1.283673352510595400e+01
1.180295852025786019e+01
1.090101317871108932e+01
1.041845636660338137e+01
1.093126330639996091e+01
1.120704260909354311e+01
1.031476576050965477e+01
9.646781932779044055e+00
9.330974269883727246e+00
1.231837622594765413e+01
1.267211816163340821e+01
1.266904289052854260e+01
1.220246343322879845e+01
1.190777700182819210e+01
1.131951711354630952e+01
1.093736066696628839e+01
1.073163580741790391e+01
1.048592374178149988e+01
5.106920489707717792e+01
