0.000000000000000000e+00
1.523867898092261308e+00
1.252636611979343506e+00
4.637813491564092838e-01
8.204664658816468448e-01
2.355730227836881241e+00
9.447924536715403221e+00
1.216756056237582762e+01
1.186322365350924990e+01
1.056797214190554257e+01
1.041115427980949981e+01
9.342768011826153796e+00
7.815664987674834308e+00
7.237766678866440984e+00
8.396823389567058982e+00
8.121296061827379731e+00
3.995426738205431594e+00
1.039778331487734064e+01
1.550097963670974188e+01
1.468246287169908371e+01
1.580595578051874739e+01
1.783817560318714968e+01
2.572856528043688940e+01
2.459784150082227328e+01
2.367451424775517665e+01
2.329349247141944446e+01
2.407682939693770763e+01
2.449002309860848570e+01
2.341117000880244348e+01
2.228036435009960670e+01
2.206803325194363197e+01
2.594084191720383359e+01
2.669116538053665977e+01
2.688774361257785017e+01
2.654299400291375122e+01
2.637616867653969877e+01
2.587785277560761799e+01
2.560704806783945386e+01
2.558337925356174836e+01
2.555648229640155122e+01
1.153959347614530913e+02
