0.000000000000000000e+00
5.186786033568566157e-02
4.030386399315181167e-01
5.509925554999178798e-01
1.251646533618552715e+00
5.043961910452511299e-01
4.583363098353336884e-01
1.265401715612205935e+00
1.591806363097290511e+00
9.922616587377407482e-01
6.525080044376155852e-01
1.572095480477024410e+00
3.743943083705186137e+00
3.407244006108740564e+00
2.462019098119623717e+00
1.891459936753202342e+00
1.754114810749874520e+00
1.816716840639286401e+00
2.280123799280312724e+00
2.723085576819597620e+00
2.704391255201309630e+00
1.533466430508396261e+00
6.269148175626442221e-01
5.020564602517963992e-01
1.418296695838087151e+00
2.826458195342223867e+00
3.233267760906963773e+00
2.654361611827225076e+00
2.066979921721705526e+00
1.842824921690719764e+00
1.614079618240596981e+00
1.549978112842364197e+00
1.356572153775063461e+00
1.099319609005837250e+00
1.061842592884558067e+00
1.165531611163303616e+00
1.764323149603211682e+00
2.013110838868696018e+00
2.034053811069584050e+00
1.969781575481578173e+00
2.386557279143618260e+00
2.930004398322306969e+00
3.318325444837041172e+00
3.508684881824703172e+00
3.448406066745916654e+00
3.410750907375787122e+00
4.437529743271499072e+00
4.593433374886810583e+00
5.300318097779930682e+00
5.851545896988429973e+00
5.990913104463087002e+00
4.514624452890728001e+00
2.946812423283736937e+00
2.384955593189500789e+00
2.272190954022409670e+00
3.067326561783242145e+00
3.638238621550392349e+00
3.556001039496871297e+00
3.568943435285007570e+00
4.017712706542035050e+00
4.235694662733414440e+00
4.676543939101690306e+00
4.036134012962068418e+00
3.038604828499333443e+00
3.016030389968484826e+00
3.892858525903353240e+00
3.489300482889024391e+00
3.334237567562718496e+00
3.265802937286641949e+00
1.859575980131595418e+00
1.471079343038225851e+00
1.497228968145499994e+00
2.238259842071821382e+00
2.787447507693514126e+00
3.015504699177106396e+00
3.224554381025999561e+00
3.748073231127753147e+00
4.393307792847220838e+00
5.013134513703699113e+00
4.730445442262207756e+00
4.525744362536906706e+00
4.855807951569373060e+00
5.639882605480298849e+00
6.308222285285777886e+00
6.987269700112221926e+00
7.381099675512886371e+00
7.643468510886063605e+00
7.706204898483144383e+00
7.658757292206131773e+00
7.035694591583001589e+00
6.732484090102984098e+00
6.918559859712010152e+00
7.581919623389651974e+00
8.454709124982453972e+00
8.657517101965627404e+00
7.742556991223885632e+00
5.845169330850296774e+00
4.864982345546227549e+00
4.817854999938631977e+00
4.827713704700831165e+00
4.633367069259250570e+00
4.748549150796726792e+00
5.490273229454377457e+00
6.273834793468449078e+00
6.358967899272951030e+00
6.396402764711980105e+00
6.585765662078951088e+00
6.655604330979373984e+00
6.570074400304632967e+00
5.940658863085813479e+00
5.493773268044051861e+00
5.276309920326494485e+00
5.549186443079024755e+00
6.332314681642083443e+00
6.229920446689997782e+00
6.747186817068688391e+00
6.059915011175219135e+00
5.654597487376980425e+00
5.719742190098061840e+00
6.564145823591493567e+00
7.668945044676682699e+00
8.176923578897458356e+00
8.045854190911768455e+00
8.281065422916828567e+00
9.175265588816007067e+00
1.000787238217559150e+01
1.083514464193763160e+01
1.131384436394701609e+01
1.159747368476168994e+01
1.182271109670995557e+01
1.199894659340939640e+01
5.845358180645766311e+01
