0.000000000000000000e+00
5.186786033568566157e-02
4.030386399315181167e-01
5.509925554999178798e-01
1.251646533618552715e+00
5.043961910452511299e-01
4.583363098353336884e-01
1.612997318263275082e+00
1.939401965748358769e+00
1.339857261388809784e+00
1.000103607088684621e+00
1.215429411072300514e+00
3.387277014300462241e+00
3.050577936704016668e+00
2.105353028714899821e+00
1.534793867348478447e+00
1.397448741345150625e+00
1.460050771234562506e+00
1.923457729875588607e+00
2.366419507414873724e+00
2.347725185796585734e+00
1.128478073799734194e+00
8.823326906630687416e-01
1.063333136912547383e+00
8.131243954776445904e-01
2.221285894981781084e+00
2.628095460546520989e+00
2.049189311466782293e+00
1.461807621361262743e+00
1.237652621330277203e+00
1.008907317880154419e+00
9.448058124819216363e-01
9.860299904034475205e-01
1.302953285259376814e+00
1.407272741958613960e+00
1.740770655956462409e+00
2.339562194396370032e+00
2.588349883661854811e+00
2.609292855862742400e+00
2.545020620274736523e+00
2.961796323936776609e+00
3.505243443115465762e+00
3.893564489630199965e+00
4.083923926617861966e+00
4.023645111539075003e+00
3.985989952168945916e+00
5.012768788064658310e+00
6.224456620875301383e+00
7.325668576097693396e+00
7.876896375306193576e+00
8.016263582780849717e+00
6.539974931208490716e+00
4.972162901601500096e+00
4.410306071507263503e+00
4.297541432340172385e+00
5.092677040101005304e+00
5.663589099868154619e+00
5.581351517814633567e+00
5.594293913602777835e+00
6.043063184859797765e+00
6.261045141051162943e+00
6.701894417419438810e+00
6.061484491279816922e+00
5.063955306817081947e+00
5.041380868286233330e+00
6.120109726121838456e+00
7.202487305741723134e+00
8.395129593061263051e+00
8.326694962785186505e+00
6.920468005630139530e+00
6.531971368536770406e+00
6.558120993644044106e+00
7.299151867570365937e+00
7.848339533192058681e+00
8.076396724675651839e+00
8.285446406524544116e+00
8.808965256626297702e+00
9.454199818345765394e+00
1.007402653920224367e+01
9.791337467760753199e+00
9.586636388035451262e+00
9.916699977067917615e+00
1.070077463097884340e+01
1.136911431078432244e+01
1.204816172561076648e+01
1.244199170101143181e+01
1.270436053638460905e+01
1.276709692398168983e+01
1.271964931770467722e+01
1.209658661708154526e+01
1.179337611560152865e+01
1.197945188521055471e+01
1.264281164888819653e+01
1.351560115048099853e+01
1.453198593833133501e+01
1.361702582758959323e+01
1.171963816721600438e+01
1.073945118191193515e+01
1.069232383630433958e+01
1.070218254106653788e+01
1.050783590562495817e+01
1.062301798716243439e+01
1.136474206582008506e+01
1.214830362983415668e+01
1.223343673563865863e+01
1.227087160107768682e+01
1.246023449844465958e+01
1.253007316734508159e+01
1.244454323667034146e+01
1.181512769945152108e+01
1.136824210440975946e+01
1.115077875669220120e+01
1.142365527944473236e+01
1.220678351800779105e+01
1.343533529975416130e+01
1.395260167013283770e+01
1.326532986423936933e+01
1.286001234044114483e+01
1.292515704316224046e+01
1.376956067665567218e+01
1.487435989774088796e+01
1.538233843196166539e+01
1.525126904397600214e+01
1.548648027598106225e+01
1.638068044188024075e+01
1.721328723523982518e+01
1.804055949500186529e+01
1.851925921701124977e+01
1.880288853782592540e+01
1.902812594977418925e+01
1.920436144647363008e+01
1.048230309110839329e+02
