0.000000000000000000e+00
5.186786033568566157e-02
4.030386399315181167e-01
5.509925554999178798e-01
1.251646533618552715e+00
5.043961910452511299e-01
4.583363098353336884e-01
1.960592920914344228e+00
2.286997568399427916e+00
1.687452864039878930e+00
1.347699209739753767e+00
8.587633416675765075e-01
3.030610944895738346e+00
2.693911867299292773e+00
1.748686959310175926e+00
1.178127797943754551e+00
1.040782671940426729e+00
1.103384701829838388e+00
1.566791660470864711e+00
2.009753438010149829e+00
1.991059116391861616e+00
7.234897170910719044e-01
1.457571735456230755e+00
1.638572181705709507e+00
8.641126043204838680e-01
1.616113594621331195e+00
2.022923160186067548e+00
1.444017011106325299e+00
8.566353210008058605e-01
8.163570068384884415e-01
1.133850949821383569e+00
1.286332882005451816e+00
1.561269035196620081e+00
1.878192330052549375e+00
1.982511786751786520e+00
2.316009700749634970e+00
2.914801239189542592e+00
3.163588928455027371e+00
3.184531900655914960e+00
3.120259665067909083e+00
3.537035368729949170e+00
4.080482487908637879e+00
4.468803534423372525e+00
4.659162971411033638e+00
4.598884156332248452e+00
4.561228996962118032e+00
5.588007832857830870e+00
7.855479866863808169e+00
9.351019054415470322e+00
9.902246853623969614e+00
1.004161406109862753e+01
8.565325409526266753e+00
6.997513379919276133e+00
6.435656549825040429e+00
6.322891910657949310e+00
7.118027518418781341e+00
7.688939578185931545e+00
7.606701996132411381e+00
7.619644391920553872e+00
8.068413663177574691e+00
8.286395619368938981e+00
8.727244895737214847e+00
8.086834969597592959e+00
7.089305785134844662e+00
7.066731346603996045e+00
8.347360926340337883e+00
1.091567412859443564e+01
1.345602161855982182e+01
1.338758698828374527e+01
1.198136003112869830e+01
1.159286339403532828e+01
1.161901301914260287e+01
1.236004389306892470e+01
1.290923155869061745e+01
1.313728875017421061e+01
1.334633843202310288e+01
1.386985728212485647e+01
1.451509184384432416e+01
1.513491856470080243e+01
1.485222949325931197e+01
1.464752841353401003e+01
1.497759200256647638e+01
1.576166665647740217e+01
1.643000633628288298e+01
1.710905375110932525e+01
1.750288372650998880e+01
1.776525256188316604e+01
1.782798894948024682e+01
1.778054134320323598e+01
1.715747864258010580e+01
1.685426814110008564e+01
1.704034391070911170e+01
1.770370367438675530e+01
1.857649317597955729e+01
2.040645477469705682e+01
1.949149466395531505e+01
1.759410700358172619e+01
1.661392001827765696e+01
1.656679267267006139e+01
1.657665137743225969e+01
1.638230474199067999e+01
1.649748682352815621e+01
1.723921090218580687e+01
1.802277246619987849e+01
1.810790557200438045e+01
1.814534043744340863e+01
1.833470333481038139e+01
1.840454200371080518e+01
1.831901207303606327e+01
1.768959653581724467e+01
1.724271094077548128e+01
1.702524759305792657e+01
1.729812411581045595e+01
1.808125235437351463e+01
2.064075015281834169e+01
2.115801652319701631e+01
2.047074471730354617e+01
2.006542719350532167e+01
2.013057189622641729e+01
2.097497552971984902e+01
2.207977475080506835e+01
2.258775328502584401e+01
2.245668389704016832e+01
2.269189512904522843e+01
2.358609529494443535e+01
2.455453163608269662e+01
2.561819495723875306e+01
2.622283324656721248e+01
2.659849826687549879e+01
2.686144887514164026e+01
2.706630749125261559e+01
1.531290578032545113e+02
